6
0 0.00000000 0.00000000 1.00000000 1.00000000 1
11
0 0.00000000 0.00000000 0.16666667 0.33333333 0.50000000 0.66666667 0.83333333 1.00000000 1.00000000 1
24
0.00000000 -0.50800000 -0.00484000 1.0000
0.01693333 -0.50800000 -0.00484000 1.0000
0.05080000 -0.50800000 -0.00484000 1.0000
0.08466667 -0.50800000 -0.00484000 1.0000
0.11853333 -0.50800000 -0.00484000 1.0000
0.15240000 -0.50800000 -0.00484000 1.0000
0.18626667 -0.50800000 -0.00484000 1.0000
0.20320000 -0.50800000 -0.00484000 1.0000
0.00000000 -0.50800000 -0.00242000 1.0000
0.01693333 -0.50800000 -0.00242000 1.0000
0.05080000 -0.50800000 -0.00242000 1.0000
0.08466667 -0.50800000 -0.00242000 1.0000
0.11853333 -0.50800000 -0.00242000 1.0000
0.15240000 -0.50800000 -0.00242000 1.0000
0.18626667 -0.50800000 -0.00242000 1.0000
0.20320000 -0.50800000 -0.00242000 1.0000
0.00000000 -0.50800000 0.00000000 1.0000
0.01693333 -0.50800000 0.00000000 1.0000
0.05080000 -0.50800000 0.00000000 1.0000
0.08466667 -0.50800000 0.00000000 1.0000
0.11853333 -0.50800000 0.00000000 1.0000
0.15240000 -0.50800000 0.00000000 1.0000
0.18626667 -0.50800000 0.00000000 1.0000
0.20320000 -0.50800000 0.00000000 1.0000
