13
0 0.00000000 0.00000000 0.00000000 0.00000000 0.25000000 0.50000000 0.75000000 1.00000000 1.00000000 1.00000000 1.00000000 1
12
0 0.00000000 0.00000000 0.00000000 0.00000000 0.33333333 0.66666667 1.00000000 1.00000000 1.00000000 1.00000000 1
56
-0.24681724 0.00000000 0.00000000 1.0000
-0.20359160 0.00000000 0.00000000 1.0000
-0.12014448 0.00000000 0.00000000 1.0000
-0.00001086 0.00000000 0.00000000 1.0000
0.12013879 0.00000000 0.00000000 1.0000
0.20359604 0.00000000 0.00000000 1.0000
0.24681724 0.00000000 0.00000000 1.0000
-0.25901020 0.02123614 0.00000000 1.0000
-0.21414810 0.02305452 0.00000000 1.0000
-0.12687728 0.02590024 0.00000000 1.0000
-0.00000966 0.02774200 0.00000000 1.0000
0.12687199 0.02589921 0.00000000 1.0000
0.21415213 0.02305485 0.00000000 1.0000
0.25901020 0.02123614 0.00000000 1.0000
-0.27755363 0.06425297 0.00000000 1.0000
-0.23039226 0.06952751 0.00000000 1.0000
-0.13741968 0.07778201 0.00000000 1.0000
-0.00000718 0.08312438 0.00000000 1.0000
0.13741526 0.07777903 0.00000000 1.0000
0.23039545 0.06952845 0.00000000 1.0000
0.27755363 0.06425297 0.00000000 1.0000
-0.29016778 0.12974352 0.00000000 1.0000
-0.24213184 0.13988215 0.00000000 1.0000
-0.14569339 0.15574881 0.00000000 1.0000
-0.00000309 0.16601781 0.00000000 1.0000
0.14569051 0.15574308 0.00000000 1.0000
0.24213359 0.13988396 0.00000000 1.0000
0.29016778 0.12974352 0.00000000 1.0000
-0.28086606 0.21718573 0.00000000 1.0000
-0.23622754 0.23376952 0.00000000 1.0000
-0.14399248 0.25972267 0.00000000 1.0000
0.00000348 0.27651971 0.00000000 1.0000
0.14399224 0.25971329 0.00000000 1.0000
0.23622692 0.23377248 0.00000000 1.0000
0.28086606 0.21718573 0.00000000 1.0000
-0.25325547 0.28192470 0.00000000 1.0000
-0.21485542 0.30362185 0.00000000 1.0000
-0.13279513 0.33757725 0.00000000 1.0000
0.00000957 0.35955339 0.00000000 1.0000
0.13279745 0.33756498 0.00000000 1.0000
0.21485256 0.30362571 0.00000000 1.0000
0.25325547 0.28192470 0.00000000 1.0000
-0.22162686 0.32369839 0.00000000 1.0000
-0.18982740 0.34926399 0.00000000 1.0000
-0.11909587 0.38927342 0.00000000 1.0000
0.00001466 0.41516776 0.00000000 1.0000
0.11910037 0.38925896 0.00000000 1.0000
0.18982265 0.34926855 0.00000000 1.0000
0.22162686 0.32369839 0.00000000 1.0000
-0.20152543 0.34402543 0.00000000 1.0000
-0.17382803 0.37171093 0.00000000 1.0000
-0.11024081 0.41503792 0.00000000 1.0000
0.00001757 0.44307942 0.00000000 1.0000
0.11024658 0.41502227 0.00000000 1.0000
0.17382219 0.37171586 0.00000000 1.0000
0.20152543 0.34402543 0.00000000 1.0000
