6
0 0.00000000 0.00000000 1.00000000 1.00000000 1
45
0 0.00000000 0.00000000 0.02500000 0.05000000 0.07500000 0.10000000 0.12500000 0.15000000 0.17500000 0.20000000 0.22500000 0.25000000 0.27500000 0.30000000 0.32500000 0.35000000 0.37500000 0.40000000 0.42500000 0.45000000 0.47500000 0.50000000 0.52500000 0.55000000 0.57500000 0.60000000 0.62500000 0.65000000 0.67500000 0.70000000 0.72500000 0.75000000 0.77500000 0.80000000 0.82500000 0.85000000 0.87500000 0.90000000 0.92500000 0.95000000 0.97500000 1.00000000 1.00000000 1
126
0.00000000 -0.00000000 -0.00484000 1.0000
0.00000000 -0.00635000 -0.00484000 1.0000
0.00000000 -0.01905000 -0.00484000 1.0000
0.00000000 -0.03175000 -0.00484000 1.0000
0.00000000 -0.04445000 -0.00484000 1.0000
0.00000000 -0.05715000 -0.00484000 1.0000
0.00000000 -0.06985000 -0.00484000 1.0000
-0.00000000 -0.08255000 -0.00484000 1.0000
-0.00000000 -0.09525000 -0.00484000 1.0000
-0.00000000 -0.10795000 -0.00484000 1.0000
-0.00000000 -0.12065000 -0.00484000 1.0000
-0.00000000 -0.13335000 -0.00484000 1.0000
-0.00000000 -0.14605000 -0.00484000 1.0000
0.00000000 -0.15875000 -0.00484000 1.0000
0.00000000 -0.17145000 -0.00484000 1.0000
0.00000000 -0.18415000 -0.00484000 1.0000
0.00000000 -0.19685000 -0.00484000 1.0000
0.00000000 -0.20955000 -0.00484000 1.0000
0.00000000 -0.22225000 -0.00484000 1.0000
-0.00000000 -0.23495000 -0.00484000 1.0000
-0.00000000 -0.24765000 -0.00484000 1.0000
-0.00000000 -0.26035000 -0.00484000 1.0000
-0.00000000 -0.27305000 -0.00484000 1.0000
-0.00000000 -0.28575000 -0.00484000 1.0000
-0.00000000 -0.29845000 -0.00484000 1.0000
-0.00000000 -0.31115000 -0.00484000 1.0000
-0.00000000 -0.32385000 -0.00484000 1.0000
-0.00000000 -0.33655000 -0.00484000 1.0000
-0.00000000 -0.34925000 -0.00484000 1.0000
0.00000000 -0.36195000 -0.00484000 1.0000
-0.00000000 -0.37465000 -0.00484000 1.0000
-0.00000000 -0.38735000 -0.00484000 1.0000
-0.00000000 -0.40005000 -0.00484000 1.0000
-0.00000000 -0.41275000 -0.00484000 1.0000
-0.00000000 -0.42545000 -0.00484000 1.0000
-0.00000000 -0.43815000 -0.00484000 1.0000
0.00000000 -0.45085000 -0.00484000 1.0000
0.00000000 -0.46355000 -0.00484000 1.0000
0.00000000 -0.47625000 -0.00484000 1.0000
0.00000000 -0.48895000 -0.00484000 1.0000
0.00000000 -0.50165000 -0.00484000 1.0000
0.00000000 -0.50800000 -0.00484000 1.0000
0.00000000 -0.00000000 -0.00242000 1.0000
0.00000000 -0.00635000 -0.00242000 1.0000
0.00000000 -0.01905000 -0.00242000 1.0000
0.00000000 -0.03175000 -0.00242000 1.0000
0.00000000 -0.04445000 -0.00242000 1.0000
0.00000000 -0.05715000 -0.00242000 1.0000
0.00000000 -0.06985000 -0.00242000 1.0000
0.00000000 -0.08255000 -0.00242000 1.0000
0.00000000 -0.09525000 -0.00242000 1.0000
-0.00000000 -0.10795000 -0.00242000 1.0000
-0.00000000 -0.12065000 -0.00242000 1.0000
-0.00000000 -0.13335000 -0.00242000 1.0000
-0.00000000 -0.14605000 -0.00242000 1.0000
-0.00000000 -0.15875000 -0.00242000 1.0000
-0.00000000 -0.17145000 -0.00242000 1.0000
0.00000000 -0.18415000 -0.00242000 1.0000
0.00000000 -0.19685000 -0.00242000 1.0000
0.00000000 -0.20955000 -0.00242000 1.0000
0.00000000 -0.22225000 -0.00242000 1.0000
0.00000000 -0.23495000 -0.00242000 1.0000
0.00000000 -0.24765000 -0.00242000 1.0000
-0.00000000 -0.26035000 -0.00242000 1.0000
-0.00000000 -0.27305000 -0.00242000 1.0000
-0.00000000 -0.28575000 -0.00242000 1.0000
-0.00000000 -0.29845000 -0.00242000 1.0000
-0.00000000 -0.31115000 -0.00242000 1.0000
-0.00000000 -0.32385000 -0.00242000 1.0000
-0.00000000 -0.33655000 -0.00242000 1.0000
-0.00000000 -0.34925000 -0.00242000 1.0000
-0.00000000 -0.36195000 -0.00242000 1.0000
0.00000000 -0.37465000 -0.00242000 1.0000
0.00000000 -0.38735000 -0.00242000 1.0000
0.00000000 -0.40005000 -0.00242000 1.0000
-0.00000000 -0.41275000 -0.00242000 1.0000
-0.00000000 -0.42545000 -0.00242000 1.0000
0.00000000 -0.43815000 -0.00242000 1.0000
0.00000000 -0.45085000 -0.00242000 1.0000
0.00000000 -0.46355000 -0.00242000 1.0000
0.00000000 -0.47625000 -0.00242000 1.0000
0.00000000 -0.48895000 -0.00242000 1.0000
0.00000000 -0.50165000 -0.00242000 1.0000
0.00000000 -0.50800000 -0.00242000 1.0000
0.00000000 -0.00000000 0.00000000 1.0000
0.00000000 -0.00635000 0.00000000 1.0000
0.00000000 -0.01905000 0.00000000 1.0000
0.00000000 -0.03175000 0.00000000 1.0000
0.00000000 -0.04445000 0.00000000 1.0000
0.00000000 -0.05715000 0.00000000 1.0000
0.00000000 -0.06985000 0.00000000 1.0000
-0.00000000 -0.08255000 0.00000000 1.0000
-0.00000000 -0.09525000 0.00000000 1.0000
-0.00000000 -0.10795000 0.00000000 1.0000
-0.00000000 -0.12065000 0.00000000 1.0000
-0.00000000 -0.13335000 0.00000000 1.0000
-0.00000000 -0.14605000 0.00000000 1.0000
0.00000000 -0.15875000 0.00000000 1.0000
0.00000000 -0.17145000 0.00000000 1.0000
0.00000000 -0.18415000 0.00000000 1.0000
0.00000000 -0.19685000 0.00000000 1.0000
0.00000000 -0.20955000 0.00000000 1.0000
0.00000000 -0.22225000 0.00000000 1.0000
-0.00000000 -0.23495000 0.00000000 1.0000
-0.00000000 -0.24765000 0.00000000 1.0000
-0.00000000 -0.26035000 0.00000000 1.0000
-0.00000000 -0.27305000 0.00000000 1.0000
-0.00000000 -0.28575000 0.00000000 1.0000
-0.00000000 -0.29845000 0.00000000 1.0000
-0.00000000 -0.31115000 0.00000000 1.0000
-0.00000000 -0.32385000 0.00000000 1.0000
-0.00000000 -0.33655000 0.00000000 1.0000
-0.00000000 -0.34925000 0.00000000 1.0000
0.00000000 -0.36195000 0.00000000 1.0000
-0.00000000 -0.37465000 0.00000000 1.0000
-0.00000000 -0.38735000 0.00000000 1.0000
-0.00000000 -0.40005000 0.00000000 1.0000
-0.00000000 -0.41275000 0.00000000 1.0000
-0.00000000 -0.42545000 0.00000000 1.0000
-0.00000000 -0.43815000 0.00000000 1.0000
0.00000000 -0.45085000 0.00000000 1.0000
0.00000000 -0.46355000 0.00000000 1.0000
0.00000000 -0.47625000 0.00000000 1.0000
0.00000000 -0.48895000 0.00000000 1.0000
0.00000000 -0.50165000 0.00000000 1.0000
0.00000000 -0.50800000 0.00000000 1.0000
