14
0 0.00000000 0.00000000 0.00000000 0.00000000 0.20000000 0.40000000 0.60000000 0.80000000 1.00000000 1.00000000 1.00000000 1.00000000 1
13
0 0.00000000 0.00000000 0.00000000 0.00000000 0.25000000 0.50000000 0.75000000 1.00000000 1.00000000 1.00000000 1.00000000 1
72
-0.24681724 0.00000000 0.00000000 1.0000
-0.21439676 0.00000000 0.00000000 1.0000
-0.15125568 0.00000000 0.00000000 1.0000
-0.05989779 0.00000000 0.00000000 1.0000
0.05988323 0.00000000 0.00000000 1.0000
0.15125470 0.00000000 0.00000000 1.0000
0.21440017 0.00000000 0.00000000 1.0000
0.24681724 0.00000000 0.00000000 1.0000
-0.25657202 0.01698910 0.00000000 1.0000
-0.22316969 0.01808008 0.00000000 1.0000
-0.15781628 0.01990612 0.00000000 1.0000
-0.06262025 0.02155902 0.00000000 1.0000
0.06260688 0.02155841 0.00000000 1.0000
0.15781529 0.01990577 0.00000000 1.0000
0.22317287 0.01808028 0.00000000 1.0000
0.25657202 0.01698910 0.00000000 1.0000
-0.27233906 0.05131428 0.00000000 1.0000
-0.23744094 0.05450090 0.00000000 1.0000
-0.16859788 0.05983457 0.00000000 1.0000
-0.06712883 0.06466251 0.00000000 1.0000
0.06711794 0.06466073 0.00000000 1.0000
0.16859688 0.05983355 0.00000000 1.0000
0.23744362 0.05450149 0.00000000 1.0000
0.27233906 0.05131428 0.00000000 1.0000
-0.28597569 0.10351117 0.00000000 1.0000
-0.25010085 0.10966488 0.00000000 1.0000
-0.17853930 0.11996474 0.00000000 1.0000
-0.07140410 0.12928800 0.00000000 1.0000
0.07139721 0.12928457 0.00000000 1.0000
0.17853832 0.11996277 0.00000000 1.0000
0.25010270 0.10966601 0.00000000 1.0000
0.28597569 0.10351117 0.00000000 1.0000
-0.28677886 0.17348380 0.00000000 1.0000
-0.25185879 0.18349990 0.00000000 1.0000
-0.18109418 0.20026449 0.00000000 1.0000
-0.07285639 0.21543952 0.00000000 1.0000
0.07285573 0.21543394 0.00000000 1.0000
0.18109330 0.20026128 0.00000000 1.0000
0.25185933 0.18350173 0.00000000 1.0000
0.28677886 0.17348380 0.00000000 1.0000
-0.27084017 0.24316710 0.00000000 1.0000
-0.23909375 0.25711755 0.00000000 1.0000
-0.17342768 0.28046734 0.00000000 1.0000
-0.07026919 0.30160317 0.00000000 1.0000
0.07027585 0.30159540 0.00000000 1.0000
0.17342696 0.28046287 0.00000000 1.0000
0.23909272 0.25712010 0.00000000 1.0000
0.27084017 0.24316710 0.00000000 1.0000
-0.24428343 0.29452495 0.00000000 1.0000
-0.21689714 0.31165119 0.00000000 1.0000
-0.15884906 0.34031650 0.00000000 1.0000
-0.06485824 0.36626385 0.00000000 1.0000
0.06487162 0.36625431 0.00000000 1.0000
0.15884853 0.34031101 0.00000000 1.0000
0.21689465 0.31165433 0.00000000 1.0000
0.24428343 0.29452495 0.00000000 1.0000
-0.21760616 0.32776361 0.00000000 1.0000
-0.19437351 0.34725575 0.00000000 1.0000
-0.14376407 0.37988105 0.00000000 1.0000
-0.05915439 0.40941291 0.00000000 1.0000
0.05917318 0.40940205 0.00000000 1.0000
0.14376370 0.37987480 0.00000000 1.0000
0.19436985 0.34725933 0.00000000 1.0000
0.21760616 0.32776361 0.00000000 1.0000
-0.20152543 0.34402543 0.00000000 1.0000
-0.18075420 0.36478946 0.00000000 1.0000
-0.13458865 0.39954359 0.00000000 1.0000
-0.05566596 0.43100243 0.00000000 1.0000
0.05568777 0.43099087 0.00000000 1.0000
0.13458838 0.39953694 0.00000000 1.0000
0.18074989 0.36479327 0.00000000 1.0000
0.20152543 0.34402543 0.00000000 1.0000
