6
0 0.00000000 0.00000000 1.00000000 1.00000000 1
13
0 0.00000000 0.00000000 0.12500000 0.25000000 0.37500000 0.50000000 0.62500000 0.75000000 0.87500000 1.00000000 1.00000000 1
30
0.00000000 -0.50800000 -0.00484000 1.0000
0.01270000 -0.50800000 -0.00484000 1.0000
0.03810000 -0.50800000 -0.00484000 1.0000
0.06350000 -0.50800000 -0.00484000 1.0000
0.08890000 -0.50800000 -0.00484000 1.0000
0.11430000 -0.50800000 -0.00484000 1.0000
0.13970000 -0.50800000 -0.00484000 1.0000
0.16510000 -0.50800000 -0.00484000 1.0000
0.19050000 -0.50800000 -0.00484000 1.0000
0.20320000 -0.50800000 -0.00484000 1.0000
0.00000000 -0.50800000 -0.00242000 1.0000
0.01270000 -0.50800000 -0.00242000 1.0000
0.03810000 -0.50800000 -0.00242000 1.0000
0.06350000 -0.50800000 -0.00242000 1.0000
0.08890000 -0.50800000 -0.00242000 1.0000
0.11430000 -0.50800000 -0.00242000 1.0000
0.13970000 -0.50800000 -0.00242000 1.0000
0.16510000 -0.50800000 -0.00242000 1.0000
0.19050000 -0.50800000 -0.00242000 1.0000
0.20320000 -0.50800000 -0.00242000 1.0000
0.00000000 -0.50800000 0.00000000 1.0000
0.01270000 -0.50800000 0.00000000 1.0000
0.03810000 -0.50800000 0.00000000 1.0000
0.06350000 -0.50800000 0.00000000 1.0000
0.08890000 -0.50800000 0.00000000 1.0000
0.11430000 -0.50800000 0.00000000 1.0000
0.13970000 -0.50800000 0.00000000 1.0000
0.16510000 -0.50800000 0.00000000 1.0000
0.19050000 -0.50800000 0.00000000 1.0000
0.20320000 -0.50800000 0.00000000 1.0000
