25
0 0.00000000 0.00000000 0.05000000 0.10000000 0.15000000 0.20000000 0.25000000 0.30000000 0.35000000 0.40000000 0.45000000 0.50000000 0.55000000 0.60000000 0.65000000 0.70000000 0.75000000 0.80000000 0.85000000 0.90000000 0.95000000 1.00000000 1.00000000 1
9
0 0.00000000 0.00000000 0.25000000 0.50000000 0.75000000 1.00000000 1.00000000 1
132
0.00000000 -0.50800000 0.00000000 1.0000
0.02540000 -0.50800000 0.00000000 1.0000
0.07620000 -0.50800000 0.00000000 1.0000
0.12700000 -0.50800000 0.00000000 1.0000
0.17780000 -0.50800000 0.00000000 1.0000
0.20320000 -0.50800000 0.00000000 1.0000
0.00000000 -0.48260000 0.00000000 1.0000
0.02540000 -0.48260000 0.00000000 1.0000
0.07620000 -0.48260000 0.00000000 1.0000
0.12700000 -0.48260000 0.00000000 1.0000
0.17780000 -0.48260000 0.00000000 1.0000
0.20320000 -0.48260000 0.00000000 1.0000
0.00000000 -0.43180000 0.00000000 1.0000
0.02540000 -0.43180000 0.00000000 1.0000
0.07620000 -0.43180000 0.00000000 1.0000
0.12700000 -0.43180000 0.00000000 1.0000
0.17780000 -0.43180000 0.00000000 1.0000
0.20320000 -0.43180000 0.00000000 1.0000
0.00000000 -0.38100000 0.00000000 1.0000
0.02540000 -0.38100000 0.00000000 1.0000
0.07620000 -0.38100000 0.00000000 1.0000
0.12700000 -0.38100000 0.00000000 1.0000
0.17780000 -0.38100000 0.00000000 1.0000
0.20320000 -0.38100000 0.00000000 1.0000
0.00000000 -0.33020000 0.00000000 1.0000
0.02540000 -0.33020000 0.00000000 1.0000
0.07620000 -0.33020000 0.00000000 1.0000
0.12700000 -0.33020000 0.00000000 1.0000
0.17780000 -0.33020000 0.00000000 1.0000
0.20320000 -0.33020000 0.00000000 1.0000
0.00000000 -0.27940000 0.00000000 1.0000
0.02540000 -0.27940000 0.00000000 1.0000
0.07620000 -0.27940000 0.00000000 1.0000
0.12700000 -0.27940000 0.00000000 1.0000
0.17780000 -0.27940000 0.00000000 1.0000
0.20320000 -0.27940000 0.00000000 1.0000
0.00000000 -0.22860000 0.00000000 1.0000
0.02540000 -0.22860000 0.00000000 1.0000
0.07620000 -0.22860000 0.00000000 1.0000
0.12700000 -0.22860000 0.00000000 1.0000
0.17780000 -0.22860000 0.00000000 1.0000
0.20320000 -0.22860000 0.00000000 1.0000
0.00000000 -0.17780000 0.00000000 1.0000
0.02540000 -0.17780000 0.00000000 1.0000
0.07620000 -0.17780000 0.00000000 1.0000
0.12700000 -0.17780000 0.00000000 1.0000
0.17780000 -0.17780000 0.00000000 1.0000
0.20320000 -0.17780000 0.00000000 1.0000
0.00000000 -0.12700000 0.00000000 1.0000
0.02540000 -0.12700000 0.00000000 1.0000
0.07620000 -0.12700000 0.00000000 1.0000
0.12700000 -0.12700000 0.00000000 1.0000
0.17780000 -0.12700000 0.00000000 1.0000
0.20320000 -0.12700000 0.00000000 1.0000
0.00000000 -0.07620000 0.00000000 1.0000
0.02540000 -0.07620000 0.00000000 1.0000
0.07620000 -0.07620000 0.00000000 1.0000
0.12700000 -0.07620000 0.00000000 1.0000
0.17780000 -0.07620000 0.00000000 1.0000
0.20320000 -0.07620000 0.00000000 1.0000
0.00000000 -0.02540000 0.00000000 1.0000
0.02540000 -0.02540000 0.00000000 1.0000
0.07620000 -0.02540000 0.00000000 1.0000
0.12700000 -0.02540000 0.00000000 1.0000
0.17780000 -0.02540000 0.00000000 1.0000
0.20320000 -0.02540000 0.00000000 1.0000
0.00000000 0.02540000 0.00000000 1.0000
0.02540000 0.02540000 0.00000000 1.0000
0.07620000 0.02540000 0.00000000 1.0000
0.12700000 0.02540000 0.00000000 1.0000
0.17780000 0.02540000 0.00000000 1.0000
0.20320000 0.02540000 0.00000000 1.0000
0.00000000 0.07620000 0.00000000 1.0000
0.02540000 0.07620000 0.00000000 1.0000
0.07620000 0.07620000 0.00000000 1.0000
0.12700000 0.07620000 0.00000000 1.0000
0.17780000 0.07620000 0.00000000 1.0000
0.20320000 0.07620000 0.00000000 1.0000
0.00000000 0.12700000 0.00000000 1.0000
0.02540000 0.12700000 0.00000000 1.0000
0.07620000 0.12700000 0.00000000 1.0000
0.12700000 0.12700000 0.00000000 1.0000
0.17780000 0.12700000 0.00000000 1.0000
0.20320000 0.12700000 0.00000000 1.0000
0.00000000 0.17780000 0.00000000 1.0000
0.02540000 0.17780000 0.00000000 1.0000
0.07620000 0.17780000 0.00000000 1.0000
0.12700000 0.17780000 0.00000000 1.0000
0.17780000 0.17780000 0.00000000 1.0000
0.20320000 0.17780000 0.00000000 1.0000
0.00000000 0.22860000 0.00000000 1.0000
0.02540000 0.22860000 0.00000000 1.0000
0.07620000 0.22860000 0.00000000 1.0000
0.12700000 0.22860000 0.00000000 1.0000
0.17780000 0.22860000 0.00000000 1.0000
0.20320000 0.22860000 0.00000000 1.0000
0.00000000 0.27940000 0.00000000 1.0000
0.02540000 0.27940000 0.00000000 1.0000
0.07620000 0.27940000 0.00000000 1.0000
0.12700000 0.27940000 0.00000000 1.0000
0.17780000 0.27940000 0.00000000 1.0000
0.20320000 0.27940000 0.00000000 1.0000
0.00000000 0.33020000 0.00000000 1.0000
0.02540000 0.33020000 0.00000000 1.0000
0.07620000 0.33020000 0.00000000 1.0000
0.12700000 0.33020000 0.00000000 1.0000
0.17780000 0.33020000 0.00000000 1.0000
0.20320000 0.33020000 0.00000000 1.0000
0.00000000 0.38100000 0.00000000 1.0000
0.02540000 0.38100000 0.00000000 1.0000
0.07620000 0.38100000 0.00000000 1.0000
0.12700000 0.38100000 0.00000000 1.0000
0.17780000 0.38100000 0.00000000 1.0000
0.20320000 0.38100000 0.00000000 1.0000
0.00000000 0.43180000 0.00000000 1.0000
0.02540000 0.43180000 0.00000000 1.0000
0.07620000 0.43180000 0.00000000 1.0000
0.12700000 0.43180000 0.00000000 1.0000
0.17780000 0.43180000 0.00000000 1.0000
0.20320000 0.43180000 0.00000000 1.0000
0.00000000 0.48260000 0.00000000 1.0000
0.02540000 0.48260000 0.00000000 1.0000
0.07620000 0.48260000 0.00000000 1.0000
0.12700000 0.48260000 0.00000000 1.0000
0.17780000 0.48260000 0.00000000 1.0000
0.20320000 0.48260000 0.00000000 1.0000
0.00000000 0.50800000 0.00000000 1.0000
0.02540000 0.50800000 0.00000000 1.0000
0.07620000 0.50800000 0.00000000 1.0000
0.12700000 0.50800000 0.00000000 1.0000
0.17780000 0.50800000 0.00000000 1.0000
0.20320000 0.50800000 0.00000000 1.0000
