25
0 0.00000000 0.00000000 0.05000000 0.10000000 0.15000000 0.20000000 0.25000000 0.30000000 0.35000000 0.40000000 0.45000000 0.50000000 0.55000000 0.60000000 0.65000000 0.70000000 0.75000000 0.80000000 0.85000000 0.90000000 0.95000000 1.00000000 1.00000000 1
13
0 0.00000000 0.00000000 0.12500000 0.25000000 0.37500000 0.50000000 0.62500000 0.75000000 0.87500000 1.00000000 1.00000000 1
220
0.00000000 -0.50800000 0.00000000 1.0000
0.01270000 -0.50800000 0.00000000 1.0000
0.03810000 -0.50800000 0.00000000 1.0000
0.06350000 -0.50800000 -0.00000000 1.0000
0.08890000 -0.50800000 -0.00000000 1.0000
0.11430000 -0.50800000 -0.00000000 1.0000
0.13970000 -0.50800000 -0.00000000 1.0000
0.16510000 -0.50800000 -0.00000000 1.0000
0.19050000 -0.50800000 -0.00000000 1.0000
0.20320000 -0.50800000 0.00000000 1.0000
0.00000000 -0.49530000 0.00000000 1.0000
0.01270000 -0.49530000 0.00000000 1.0000
0.03810000 -0.49530000 -0.00000000 1.0000
0.06350000 -0.49530000 -0.00000000 1.0000
0.08890000 -0.49530000 -0.00000000 1.0000
0.11430000 -0.49530000 -0.00000000 1.0000
0.13970000 -0.49530000 -0.00000000 1.0000
0.16510000 -0.49530000 -0.00000000 1.0000
0.19050000 -0.49530000 -0.00000000 1.0000
0.20320000 -0.49530000 0.00000000 1.0000
0.00000000 -0.46990000 0.00000000 1.0000
0.01270000 -0.46990000 0.00000000 1.0000
0.03810000 -0.46990000 -0.00000000 1.0000
0.06350000 -0.46990000 -0.00000000 1.0000
0.08890000 -0.46990000 -0.00000000 1.0000
0.11430000 -0.46990000 -0.00000000 1.0000
0.13970000 -0.46990000 -0.00000000 1.0000
0.16510000 -0.46990000 -0.00000000 1.0000
0.19050000 -0.46990000 -0.00000000 1.0000
0.20320000 -0.46990000 0.00000000 1.0000
0.00000000 -0.44450000 0.00000000 1.0000
0.01270000 -0.44450000 0.00000000 1.0000
0.03810000 -0.44450000 -0.00000000 1.0000
0.06350000 -0.44450000 -0.00000000 1.0000
0.08890000 -0.44450000 -0.00000000 1.0000
0.11430000 -0.44450000 -0.00000000 1.0000
0.13970000 -0.44450000 -0.00000000 1.0000
0.16510000 -0.44450000 -0.00000000 1.0000
0.19050000 -0.44450000 -0.00000000 1.0000
0.20320000 -0.44450000 0.00000000 1.0000
0.00000000 -0.41910000 0.00000000 1.0000
0.01270000 -0.41910000 -0.00000000 1.0000
0.03810000 -0.41910000 -0.00000000 1.0000
0.06350000 -0.41910000 -0.00000000 1.0000
0.08890000 -0.41910000 -0.00000000 1.0000
0.11430000 -0.41910000 -0.00000000 1.0000
0.13970000 -0.41910000 -0.00000000 1.0000
0.16510000 -0.41910000 -0.00000000 1.0000
0.19050000 -0.41910000 -0.00000000 1.0000
0.20320000 -0.41910000 0.00000000 1.0000
0.00000000 -0.39370000 -0.00000000 1.0000
0.01270000 -0.39370000 -0.00000000 1.0000
0.03810000 -0.39370000 -0.00000000 1.0000
0.06350000 -0.39370000 -0.00000000 1.0000
0.08890000 -0.39370000 -0.00000000 1.0000
0.11430000 -0.39370000 -0.00000000 1.0000
0.13970000 -0.39370000 -0.00000000 1.0000
0.16510000 -0.39370000 -0.00000000 1.0000
0.19050000 -0.39370000 -0.00000000 1.0000
0.20320000 -0.39370000 -0.00000000 1.0000
0.00000000 -0.36830000 -0.00000000 1.0000
0.01270000 -0.36830000 -0.00000000 1.0000
0.03810000 -0.36830000 -0.00000000 1.0000
0.06350000 -0.36830000 -0.00000000 1.0000
0.08890000 -0.36830000 -0.00000000 1.0000
0.11430000 -0.36830000 -0.00000000 1.0000
0.13970000 -0.36830000 -0.00000000 1.0000
0.16510000 -0.36830000 -0.00000000 1.0000
0.19050000 -0.36830000 -0.00000000 1.0000
0.20320000 -0.36830000 -0.00000000 1.0000
0.00000000 -0.34290000 -0.00000000 1.0000
0.01270000 -0.34290000 -0.00000000 1.0000
0.03810000 -0.34290000 -0.00000000 1.0000
0.06350000 -0.34290000 -0.00000000 1.0000
0.08890000 -0.34290000 -0.00000000 1.0000
0.11430000 -0.34290000 -0.00000000 1.0000
0.13970000 -0.34290000 -0.00000000 1.0000
0.16510000 -0.34290000 -0.00000000 1.0000
0.19050000 -0.34290000 -0.00000000 1.0000
0.20320000 -0.34290000 -0.00000000 1.0000
0.00000000 -0.31750000 -0.00000000 1.0000
0.01270000 -0.31750000 -0.00000000 1.0000
0.03810000 -0.31750000 -0.00000000 1.0000
0.06350000 -0.31750000 -0.00000000 1.0000
0.08890000 -0.31750000 -0.00000000 1.0000
0.11430000 -0.31750000 -0.00000000 1.0000
0.13970000 -0.31750000 -0.00000000 1.0000
0.16510000 -0.31750000 -0.00000000 1.0000
0.19050000 -0.31750000 -0.00000000 1.0000
0.20320000 -0.31750000 -0.00000000 1.0000
0.00000000 -0.29210000 -0.00000000 1.0000
0.01270000 -0.29210000 -0.00000000 1.0000
0.03810000 -0.29210000 -0.00000000 1.0000
0.06350000 -0.29210000 -0.00000000 1.0000
0.08890000 -0.29210000 -0.00000000 1.0000
0.11430000 -0.29210000 -0.00000000 1.0000
0.13970000 -0.29210000 -0.00000000 1.0000
0.16510000 -0.29210000 -0.00000000 1.0000
0.19050000 -0.29210000 -0.00000000 1.0000
0.20320000 -0.29210000 -0.00000000 1.0000
0.00000000 -0.26670000 -0.00000000 1.0000
0.01270000 -0.26670000 -0.00000000 1.0000
0.03810000 -0.26670000 -0.00000000 1.0000
0.06350000 -0.26670000 -0.00000000 1.0000
0.08890000 -0.26670000 -0.00000000 1.0000
0.11430000 -0.26670000 -0.00000000 1.0000
0.13970000 -0.26670000 -0.00000000 1.0000
0.16510000 -0.26670000 -0.00000000 1.0000
0.19050000 -0.26670000 -0.00000000 1.0000
0.20320000 -0.26670000 -0.00000000 1.0000
0.00000000 -0.24130000 -0.00000000 1.0000
0.01270000 -0.24130000 -0.00000000 1.0000
0.03810000 -0.24130000 -0.00000000 1.0000
0.06350000 -0.24130000 -0.00000000 1.0000
0.08890000 -0.24130000 -0.00000000 1.0000
0.11430000 -0.24130000 -0.00000000 1.0000
0.13970000 -0.24130000 -0.00000000 1.0000
0.16510000 -0.24130000 -0.00000000 1.0000
0.19050000 -0.24130000 -0.00000000 1.0000
0.20320000 -0.24130000 -0.00000000 1.0000
0.00000000 -0.21590000 -0.00000000 1.0000
0.01270000 -0.21590000 -0.00000000 1.0000
0.03810000 -0.21590000 -0.00000000 1.0000
0.06350000 -0.21590000 -0.00000000 1.0000
0.08890000 -0.21590000 -0.00000000 1.0000
0.11430000 -0.21590000 -0.00000000 1.0000
0.13970000 -0.21590000 -0.00000000 1.0000
0.16510000 -0.21590000 -0.00000000 1.0000
0.19050000 -0.21590000 -0.00000000 1.0000
0.20320000 -0.21590000 -0.00000000 1.0000
0.00000000 -0.19050000 -0.00000000 1.0000
0.01270000 -0.19050000 -0.00000000 1.0000
0.03810000 -0.19050000 -0.00000000 1.0000
0.06350000 -0.19050000 -0.00000000 1.0000
0.08890000 -0.19050000 -0.00000000 1.0000
0.11430000 -0.19050000 -0.00000000 1.0000
0.13970000 -0.19050000 -0.00000000 1.0000
0.16510000 -0.19050000 -0.00000000 1.0000
0.19050000 -0.19050000 -0.00000000 1.0000
0.20320000 -0.19050000 -0.00000000 1.0000
0.00000000 -0.16510000 -0.00000000 1.0000
0.01270000 -0.16510000 -0.00000000 1.0000
0.03810000 -0.16510000 -0.00000000 1.0000
0.06350000 -0.16510000 -0.00000000 1.0000
0.08890000 -0.16510000 -0.00000000 1.0000
0.11430000 -0.16510000 -0.00000000 1.0000
0.13970000 -0.16510000 -0.00000000 1.0000
0.16510000 -0.16510000 -0.00000000 1.0000
0.19050000 -0.16510000 -0.00000000 1.0000
0.20320000 -0.16510000 -0.00000000 1.0000
0.00000000 -0.13970000 -0.00000000 1.0000
0.01270000 -0.13970000 -0.00000000 1.0000
0.03810000 -0.13970000 -0.00000000 1.0000
0.06350000 -0.13970000 -0.00000000 1.0000
0.08890000 -0.13970000 -0.00000000 1.0000
0.11430000 -0.13970000 -0.00000000 1.0000
0.13970000 -0.13970000 -0.00000000 1.0000
0.16510000 -0.13970000 -0.00000000 1.0000
0.19050000 -0.13970000 -0.00000000 1.0000
0.20320000 -0.13970000 -0.00000000 1.0000
0.00000000 -0.11430000 -0.00000000 1.0000
0.01270000 -0.11430000 -0.00000000 1.0000
0.03810000 -0.11430000 -0.00000000 1.0000
0.06350000 -0.11430000 -0.00000000 1.0000
0.08890000 -0.11430000 -0.00000000 1.0000
0.11430000 -0.11430000 -0.00000000 1.0000
0.13970000 -0.11430000 -0.00000000 1.0000
0.16510000 -0.11430000 -0.00000000 1.0000
0.19050000 -0.11430000 -0.00000000 1.0000
0.20320000 -0.11430000 -0.00000000 1.0000
0.00000000 -0.08890000 -0.00000000 1.0000
0.01270000 -0.08890000 -0.00000000 1.0000
0.03810000 -0.08890000 -0.00000000 1.0000
0.06350000 -0.08890000 -0.00000000 1.0000
0.08890000 -0.08890000 -0.00000000 1.0000
0.11430000 -0.08890000 -0.00000000 1.0000
0.13970000 -0.08890000 -0.00000000 1.0000
0.16510000 -0.08890000 -0.00000000 1.0000
0.19050000 -0.08890000 -0.00000000 1.0000
0.20320000 -0.08890000 -0.00000000 1.0000
0.00000000 -0.06350000 -0.00000000 1.0000
0.01270000 -0.06350000 -0.00000000 1.0000
0.03810000 -0.06350000 -0.00000000 1.0000
0.06350000 -0.06350000 -0.00000000 1.0000
0.08890000 -0.06350000 -0.00000000 1.0000
0.11430000 -0.06350000 -0.00000000 1.0000
0.13970000 -0.06350000 -0.00000000 1.0000
0.16510000 -0.06350000 -0.00000000 1.0000
0.19050000 -0.06350000 -0.00000000 1.0000
0.20320000 -0.06350000 -0.00000000 1.0000
0.00000000 -0.03810000 -0.00000000 1.0000
0.01270000 -0.03810000 -0.00000000 1.0000
0.03810000 -0.03810000 -0.00000000 1.0000
0.06350000 -0.03810000 -0.00000000 1.0000
0.08890000 -0.03810000 -0.00000000 1.0000
0.11430000 -0.03810000 -0.00000000 1.0000
0.13970000 -0.03810000 -0.00000000 1.0000
0.16510000 -0.03810000 -0.00000000 1.0000
0.19050000 -0.03810000 -0.00000000 1.0000
0.20320000 -0.03810000 -0.00000000 1.0000
0.00000000 -0.01270000 -0.00000000 1.0000
0.01270000 -0.01270000 -0.00000000 1.0000
0.03810000 -0.01270000 -0.00000000 1.0000
0.06350000 -0.01270000 -0.00000000 1.0000
0.08890000 -0.01270000 -0.00000000 1.0000
0.11430000 -0.01270000 -0.00000000 1.0000
0.13970000 -0.01270000 -0.00000000 1.0000
0.16510000 -0.01270000 -0.00000000 1.0000
0.19050000 -0.01270000 -0.00000000 1.0000
0.20320000 -0.01270000 -0.00000000 1.0000
0.00000000 0.00000000 0.00000000 1.0000
0.01270000 0.00000000 0.00000000 1.0000
0.03810000 0.00000000 0.00000000 1.0000
0.06350000 0.00000000 -0.00000000 1.0000
0.08890000 0.00000000 -0.00000000 1.0000
0.11430000 0.00000000 -0.00000000 1.0000
0.13970000 0.00000000 -0.00000000 1.0000
0.16510000 0.00000000 -0.00000000 1.0000
0.19050000 0.00000000 -0.00000000 1.0000
0.20320000 0.00000000 0.00000000 1.0000
