10
0 0.00000000 0.00000000 0.00000000 0.33333333 0.66666667 1.00000000 1.00000000 1.00000000 1
11
0 0.00000000 0.00000000 0.00000000 0.25000000 0.50000000 0.75000000 1.00000000 1.00000000 1.00000000 1
42
0.20152543 0.20152543 0.00000000 1.0000
0.17531585 0.22773502 0.00000000 1.0000
0.11183663 0.27024123 0.00000000 1.0000
0.00000719 0.29237869 0.00000000 1.0000
-0.11183334 0.27024400 0.00000000 1.0000
-0.17531469 0.22773617 0.00000000 1.0000
-0.20152543 0.20152543 0.00000000 1.0000
0.21906167 0.18398920 0.00000000 1.0000
0.18910960 0.20728661 0.00000000 1.0000
0.11937431 0.24506990 0.00000000 1.0000
0.00000639 0.26474765 0.00000000 1.0000
-0.11937139 0.24507237 0.00000000 1.0000
-0.18910858 0.20728763 0.00000000 1.0000
-0.21906167 0.18398920 0.00000000 1.0000
0.24967573 0.14410552 0.00000000 1.0000
0.21298177 0.16157858 0.00000000 1.0000
0.13222047 0.18991605 0.00000000 1.0000
0.00000479 0.20467436 0.00000000 1.0000
-0.13221828 0.18991790 0.00000000 1.0000
-0.21298100 0.16157935 0.00000000 1.0000
-0.24967573 0.14410552 0.00000000 1.0000
0.27844592 0.07464680 0.00000000 1.0000
0.23449760 0.08338333 0.00000000 1.0000
0.14291427 0.09755207 0.00000000 1.0000
0.00000240 0.10493122 0.00000000 1.0000
-0.14291317 0.09755299 0.00000000 1.0000
-0.23449721 0.08338372 0.00000000 1.0000
-0.27844592 0.07464680 0.00000000 1.0000
0.28500000 0.02479927 0.00000000 1.0000
0.23831978 0.02771145 0.00000000 1.0000
0.14373043 0.03243436 0.00000000 1.0000
0.00000080 0.03489408 0.00000000 1.0000
-0.14373007 0.03243467 0.00000000 1.0000
-0.23831965 0.02771158 0.00000000 1.0000
-0.28500000 0.02479927 0.00000000 1.0000
0.28500000 -0.00000000 0.00000000 1.0000
0.23750000 -0.00000000 0.00000000 1.0000
0.14250000 -0.00000000 0.00000000 1.0000
0.00000000 0.00000000 0.00000000 1.0000
-0.14250000 0.00000000 0.00000000 1.0000
-0.23750000 0.00000000 0.00000000 1.0000
-0.28500000 0.00000000 0.00000000 1.0000
