15
0 0.00000000 0.00000000 0.10000000 0.20000000 0.30000000 0.40000000 0.50000000 0.60000000 0.70000000 0.80000000 0.90000000 1.00000000 1.00000000 1
15
0 0.00000000 0.00000000 0.10000000 0.20000000 0.30000000 0.40000000 0.50000000 0.60000000 0.70000000 0.80000000 0.90000000 1.00000000 1.00000000 1
144
0.00000000 0.00000000 0.00000000 1.0000
0.50000000 0.00000000 0.00000000 1.0000
1.50000000 0.00000000 0.00000000 1.0000
2.50000000 0.00000000 0.00000000 1.0000
3.50000000 0.00000000 0.00000000 1.0000
4.50000000 0.00000000 0.00000000 1.0000
5.50000000 0.00000000 0.00000000 1.0000
6.50000000 0.00000000 0.00000000 1.0000
7.50000000 0.00000000 0.00000000 1.0000
8.50000000 0.00000000 0.00000000 1.0000
9.50000000 0.00000000 0.00000000 1.0000
10.00000000 0.00000000 0.00000000 1.0000
0.00000000 0.50000000 0.00000000 1.0000
0.50000000 0.50000000 0.00000000 1.0000
1.50000000 0.50000000 0.00000000 1.0000
2.50000000 0.50000000 0.00000000 1.0000
3.50000000 0.50000000 0.00000000 1.0000
4.50000000 0.50000000 0.00000000 1.0000
5.50000000 0.50000000 0.00000000 1.0000
6.50000000 0.50000000 0.00000000 1.0000
7.50000000 0.50000000 0.00000000 1.0000
8.50000000 0.50000000 0.00000000 1.0000
9.50000000 0.50000000 0.00000000 1.0000
10.00000000 0.50000000 0.00000000 1.0000
0.00000000 1.50000000 0.00000000 1.0000
0.50000000 1.50000000 0.00000000 1.0000
1.50000000 1.50000000 0.00000000 1.0000
2.50000000 1.50000000 0.00000000 1.0000
3.50000000 1.50000000 0.00000000 1.0000
4.50000000 1.50000000 0.00000000 1.0000
5.50000000 1.50000000 0.00000000 1.0000
6.50000000 1.50000000 0.00000000 1.0000
7.50000000 1.50000000 0.00000000 1.0000
8.50000000 1.50000000 0.00000000 1.0000
9.50000000 1.50000000 0.00000000 1.0000
10.00000000 1.50000000 0.00000000 1.0000
0.00000000 2.50000000 0.00000000 1.0000
0.50000000 2.50000000 0.00000000 1.0000
1.50000000 2.50000000 0.00000000 1.0000
2.50000000 2.50000000 0.00000000 1.0000
3.50000000 2.50000000 0.00000000 1.0000
4.50000000 2.50000000 0.00000000 1.0000
5.50000000 2.50000000 0.00000000 1.0000
6.50000000 2.50000000 0.00000000 1.0000
7.50000000 2.50000000 0.00000000 1.0000
8.50000000 2.50000000 0.00000000 1.0000
9.50000000 2.50000000 0.00000000 1.0000
10.00000000 2.50000000 0.00000000 1.0000
0.00000000 3.50000000 0.00000000 1.0000
0.50000000 3.50000000 0.00000000 1.0000
1.50000000 3.50000000 0.00000000 1.0000
2.50000000 3.50000000 0.00000000 1.0000
3.50000000 3.50000000 0.00000000 1.0000
4.50000000 3.50000000 0.00000000 1.0000
5.50000000 3.50000000 0.00000000 1.0000
6.50000000 3.50000000 0.00000000 1.0000
7.50000000 3.50000000 0.00000000 1.0000
8.50000000 3.50000000 0.00000000 1.0000
9.50000000 3.50000000 0.00000000 1.0000
10.00000000 3.50000000 0.00000000 1.0000
0.00000000 4.50000000 0.00000000 1.0000
0.50000000 4.50000000 0.00000000 1.0000
1.50000000 4.50000000 0.00000000 1.0000
2.50000000 4.50000000 0.00000000 1.0000
3.50000000 4.50000000 0.00000000 1.0000
4.50000000 4.50000000 0.00000000 1.0000
5.50000000 4.50000000 0.00000000 1.0000
6.50000000 4.50000000 0.00000000 1.0000
7.50000000 4.50000000 0.00000000 1.0000
8.50000000 4.50000000 0.00000000 1.0000
9.50000000 4.50000000 0.00000000 1.0000
10.00000000 4.50000000 0.00000000 1.0000
0.00000000 5.50000000 0.00000000 1.0000
0.50000000 5.50000000 0.00000000 1.0000
1.50000000 5.50000000 0.00000000 1.0000
2.50000000 5.50000000 0.00000000 1.0000
3.50000000 5.50000000 0.00000000 1.0000
4.50000000 5.50000000 0.00000000 1.0000
5.50000000 5.50000000 0.00000000 1.0000
6.50000000 5.50000000 0.00000000 1.0000
7.50000000 5.50000000 0.00000000 1.0000
8.50000000 5.50000000 0.00000000 1.0000
9.50000000 5.50000000 0.00000000 1.0000
10.00000000 5.50000000 0.00000000 1.0000
0.00000000 6.50000000 0.00000000 1.0000
0.50000000 6.50000000 0.00000000 1.0000
1.50000000 6.50000000 0.00000000 1.0000
2.50000000 6.50000000 0.00000000 1.0000
3.50000000 6.50000000 0.00000000 1.0000
4.50000000 6.50000000 0.00000000 1.0000
5.50000000 6.50000000 0.00000000 1.0000
6.50000000 6.50000000 0.00000000 1.0000
7.50000000 6.50000000 0.00000000 1.0000
8.50000000 6.50000000 0.00000000 1.0000
9.50000000 6.50000000 0.00000000 1.0000
10.00000000 6.50000000 0.00000000 1.0000
0.00000000 7.50000000 0.00000000 1.0000
0.50000000 7.50000000 0.00000000 1.0000
1.50000000 7.50000000 0.00000000 1.0000
2.50000000 7.50000000 0.00000000 1.0000
3.50000000 7.50000000 0.00000000 1.0000
4.50000000 7.50000000 0.00000000 1.0000
5.50000000 7.50000000 0.00000000 1.0000
6.50000000 7.50000000 0.00000000 1.0000
7.50000000 7.50000000 0.00000000 1.0000
8.50000000 7.50000000 0.00000000 1.0000
9.50000000 7.50000000 0.00000000 1.0000
10.00000000 7.50000000 0.00000000 1.0000
0.00000000 8.50000000 0.00000000 1.0000
0.50000000 8.50000000 0.00000000 1.0000
1.50000000 8.50000000 0.00000000 1.0000
2.50000000 8.50000000 0.00000000 1.0000
3.50000000 8.50000000 0.00000000 1.0000
4.50000000 8.50000000 0.00000000 1.0000
5.50000000 8.50000000 0.00000000 1.0000
6.50000000 8.50000000 0.00000000 1.0000
7.50000000 8.50000000 0.00000000 1.0000
8.50000000 8.50000000 0.00000000 1.0000
9.50000000 8.50000000 0.00000000 1.0000
10.00000000 8.50000000 0.00000000 1.0000
0.00000000 9.50000000 0.00000000 1.0000
0.50000000 9.50000000 0.00000000 1.0000
1.50000000 9.50000000 0.00000000 1.0000
2.50000000 9.50000000 0.00000000 1.0000
3.50000000 9.50000000 0.00000000 1.0000
4.50000000 9.50000000 0.00000000 1.0000
5.50000000 9.50000000 0.00000000 1.0000
6.50000000 9.50000000 0.00000000 1.0000
7.50000000 9.50000000 0.00000000 1.0000
8.50000000 9.50000000 0.00000000 1.0000
9.50000000 9.50000000 0.00000000 1.0000
10.00000000 9.50000000 0.00000000 1.0000
0.00000000 10.00000000 0.00000000 1.0000
0.50000000 10.00000000 0.00000000 1.0000
1.50000000 10.00000000 0.00000000 1.0000
2.50000000 10.00000000 0.00000000 1.0000
3.50000000 10.00000000 0.00000000 1.0000
4.50000000 10.00000000 0.00000000 1.0000
5.50000000 10.00000000 0.00000000 1.0000
6.50000000 10.00000000 0.00000000 1.0000
7.50000000 10.00000000 0.00000000 1.0000
8.50000000 10.00000000 0.00000000 1.0000
9.50000000 10.00000000 0.00000000 1.0000
10.00000000 10.00000000 0.00000000 1.0000
