10
0 0.00000000 0.00000000 0.20000000 0.40000000 0.60000000 0.80000000 1.00000000 1.00000000 1
10
0 0.00000000 0.00000000 0.20000000 0.40000000 0.60000000 0.80000000 1.00000000 1.00000000 1
49
0.00000000 -3.00000000 0.00000000 1.0000
0.20000000 -3.00000000 0.00000000 1.0000
0.60000000 -3.00000000 0.00000000 1.0000
1.00000000 -3.00000000 0.00000000 1.0000
1.40000000 -3.00000000 0.00000000 1.0000
1.80000000 -3.00000000 0.00000000 1.0000
2.00000000 -3.00000000 0.00000000 1.0000
0.00000000 -2.80000000 0.00000000 1.0000
0.20000000 -2.80000000 0.00000000 1.0000
0.60000000 -2.80000000 0.00000000 1.0000
1.00000000 -2.80000000 0.00000000 1.0000
1.40000000 -2.80000000 0.00000000 1.0000
1.80000000 -2.80000000 0.00000000 1.0000
2.00000000 -2.80000000 0.00000000 1.0000
0.00000000 -2.40000000 0.00000000 1.0000
0.20000000 -2.40000000 0.00000000 1.0000
0.60000000 -2.40000000 0.00000000 1.0000
1.00000000 -2.40000000 0.00000000 1.0000
1.40000000 -2.40000000 0.00000000 1.0000
1.80000000 -2.40000000 0.00000000 1.0000
2.00000000 -2.40000000 0.00000000 1.0000
0.00000000 -2.00000000 0.00000000 1.0000
0.20000000 -2.00000000 0.00000000 1.0000
0.60000000 -2.00000000 0.00000000 1.0000
1.00000000 -2.00000000 0.00000000 1.0000
1.40000000 -2.00000000 0.00000000 1.0000
1.80000000 -2.00000000 0.00000000 1.0000
2.00000000 -2.00000000 0.00000000 1.0000
0.00000000 -1.60000000 0.00000000 1.0000
0.20000000 -1.60000000 0.00000000 1.0000
0.60000000 -1.60000000 0.00000000 1.0000
1.00000000 -1.60000000 0.00000000 1.0000
1.40000000 -1.60000000 0.00000000 1.0000
1.80000000 -1.60000000 0.00000000 1.0000
2.00000000 -1.60000000 0.00000000 1.0000
0.00000000 -1.20000000 0.00000000 1.0000
0.20000000 -1.20000000 0.00000000 1.0000
0.60000000 -1.20000000 0.00000000 1.0000
1.00000000 -1.20000000 0.00000000 1.0000
1.40000000 -1.20000000 0.00000000 1.0000
1.80000000 -1.20000000 0.00000000 1.0000
2.00000000 -1.20000000 0.00000000 1.0000
0.00000000 -1.00000000 0.00000000 1.0000
0.20000000 -1.00000000 0.00000000 1.0000
0.60000000 -1.00000000 0.00000000 1.0000
1.00000000 -1.00000000 0.00000000 1.0000
1.40000000 -1.00000000 0.00000000 1.0000
1.80000000 -1.00000000 0.00000000 1.0000
2.00000000 -1.00000000 0.00000000 1.0000
