6
0 0.00000000 0.00000000 1.00000000 1.00000000 1
10
0 0.00000000 0.00000000 0.20000000 0.40000000 0.60000000 0.80000000 1.00000000 1.00000000 1
21
0.00000000 -2.00000000 0.00000000 1.0000
1.00000000 -2.00000000 0.00000000 1.0000
3.00000000 -2.00000000 0.00000000 1.0000
5.00000000 -2.00000000 0.00000000 1.0000
7.00000000 -2.00000000 0.00000000 1.0000
9.00000000 -2.00000000 0.00000000 1.0000
10.00000000 -2.00000000 0.00000000 1.0000
0.00000000 -1.00000000 0.00000000 1.0000
1.00000000 -1.00000000 0.00000000 1.0000
3.00000000 -1.00000000 0.00000000 1.0000
5.00000000 -1.00000000 0.00000000 1.0000
7.00000000 -1.00000000 0.00000000 1.0000
9.00000000 -1.00000000 0.00000000 1.0000
10.00000000 -1.00000000 0.00000000 1.0000
0.00000000 0.00000000 0.00000000 1.0000
1.00000000 0.00000000 0.00000000 1.0000
3.00000000 0.00000000 0.00000000 1.0000
5.00000000 0.00000000 0.00000000 1.0000
7.00000000 0.00000000 0.00000000 1.0000
9.00000000 0.00000000 0.00000000 1.0000
10.00000000 0.00000000 0.00000000 1.0000
