16
0 0.00000000 0.00000000 0.09090909 0.18181818 0.27272727 0.36363636 0.45454545 0.54545455 0.63636364 0.72727273 0.81818182 0.90909091 1.00000000 1.00000000 1
15
0 0.00000000 0.00000000 0.10000000 0.20000000 0.30000000 0.40000000 0.50000000 0.60000000 0.70000000 0.80000000 0.90000000 1.00000000 1.00000000 1
156
0.00000000 0.00000000 0.00000000 1.0000
0.50000000 0.00000000 0.00000000 1.0000
1.50000000 0.00000000 0.00000000 1.0000
2.50000000 0.00000000 0.00000000 1.0000
3.50000000 0.00000000 0.00000000 1.0000
4.50000000 0.00000000 0.00000000 1.0000
5.50000000 0.00000000 0.00000000 1.0000
6.50000000 0.00000000 0.00000000 1.0000
7.50000000 0.00000000 0.00000000 1.0000
8.50000000 0.00000000 0.00000000 1.0000
9.50000000 0.00000000 0.00000000 1.0000
10.00000000 0.00000000 0.00000000 1.0000
0.00000000 0.36363636 0.00000000 1.0000
0.50000000 0.36363636 0.00000000 1.0000
1.50000000 0.36363636 0.00000000 1.0000
2.50000000 0.36363636 0.00000000 1.0000
3.50000000 0.36363636 0.00000000 1.0000
4.50000000 0.36363636 0.00000000 1.0000
5.50000000 0.36363636 0.00000000 1.0000
6.50000000 0.36363636 0.00000000 1.0000
7.50000000 0.36363636 0.00000000 1.0000
8.50000000 0.36363636 0.00000000 1.0000
9.50000000 0.36363636 0.00000000 1.0000
10.00000000 0.36363636 0.00000000 1.0000
0.00000000 1.09090909 0.00000000 1.0000
0.50000000 1.09090909 0.00000000 1.0000
1.50000000 1.09090909 0.00000000 1.0000
2.50000000 1.09090909 0.00000000 1.0000
3.50000000 1.09090909 0.00000000 1.0000
4.50000000 1.09090909 0.00000000 1.0000
5.50000000 1.09090909 0.00000000 1.0000
6.50000000 1.09090909 0.00000000 1.0000
7.50000000 1.09090909 0.00000000 1.0000
8.50000000 1.09090909 0.00000000 1.0000
9.50000000 1.09090909 0.00000000 1.0000
10.00000000 1.09090909 0.00000000 1.0000
0.00000000 1.81818182 0.00000000 1.0000
0.50000000 1.81818182 0.00000000 1.0000
1.50000000 1.81818182 0.00000000 1.0000
2.50000000 1.81818182 0.00000000 1.0000
3.50000000 1.81818182 0.00000000 1.0000
4.50000000 1.81818182 0.00000000 1.0000
5.50000000 1.81818182 0.00000000 1.0000
6.50000000 1.81818182 0.00000000 1.0000
7.50000000 1.81818182 0.00000000 1.0000
8.50000000 1.81818182 0.00000000 1.0000
9.50000000 1.81818182 0.00000000 1.0000
10.00000000 1.81818182 0.00000000 1.0000
0.00000000 2.54545455 0.00000000 1.0000
0.50000000 2.54545455 0.00000000 1.0000
1.50000000 2.54545455 0.00000000 1.0000
2.50000000 2.54545455 0.00000000 1.0000
3.50000000 2.54545455 0.00000000 1.0000
4.50000000 2.54545455 0.00000000 1.0000
5.50000000 2.54545455 0.00000000 1.0000
6.50000000 2.54545455 0.00000000 1.0000
7.50000000 2.54545455 0.00000000 1.0000
8.50000000 2.54545455 0.00000000 1.0000
9.50000000 2.54545455 0.00000000 1.0000
10.00000000 2.54545455 0.00000000 1.0000
0.00000000 3.27272727 0.00000000 1.0000
0.50000000 3.27272727 0.00000000 1.0000
1.50000000 3.27272727 0.00000000 1.0000
2.50000000 3.27272727 0.00000000 1.0000
3.50000000 3.27272727 0.00000000 1.0000
4.50000000 3.27272727 0.00000000 1.0000
5.50000000 3.27272727 0.00000000 1.0000
6.50000000 3.27272727 0.00000000 1.0000
7.50000000 3.27272727 0.00000000 1.0000
8.50000000 3.27272727 0.00000000 1.0000
9.50000000 3.27272727 0.00000000 1.0000
10.00000000 3.27272727 0.00000000 1.0000
0.00000000 4.00000000 0.00000000 1.0000
0.50000000 4.00000000 0.00000000 1.0000
1.50000000 4.00000000 0.00000000 1.0000
2.50000000 4.00000000 0.00000000 1.0000
3.50000000 4.00000000 0.00000000 1.0000
4.50000000 4.00000000 0.00000000 1.0000
5.50000000 4.00000000 0.00000000 1.0000
6.50000000 4.00000000 0.00000000 1.0000
7.50000000 4.00000000 0.00000000 1.0000
8.50000000 4.00000000 0.00000000 1.0000
9.50000000 4.00000000 0.00000000 1.0000
10.00000000 4.00000000 0.00000000 1.0000
0.00000000 4.72727273 0.00000000 1.0000
0.50000000 4.72727273 0.00000000 1.0000
1.50000000 4.72727273 0.00000000 1.0000
2.50000000 4.72727273 0.00000000 1.0000
3.50000000 4.72727273 0.00000000 1.0000
4.50000000 4.72727273 0.00000000 1.0000
5.50000000 4.72727273 0.00000000 1.0000
6.50000000 4.72727273 0.00000000 1.0000
7.50000000 4.72727273 0.00000000 1.0000
8.50000000 4.72727273 0.00000000 1.0000
9.50000000 4.72727273 0.00000000 1.0000
10.00000000 4.72727273 0.00000000 1.0000
0.00000000 5.45454545 0.00000000 1.0000
0.50000000 5.45454545 0.00000000 1.0000
1.50000000 5.45454545 0.00000000 1.0000
2.50000000 5.45454545 0.00000000 1.0000
3.50000000 5.45454545 0.00000000 1.0000
4.50000000 5.45454545 0.00000000 1.0000
5.50000000 5.45454545 0.00000000 1.0000
6.50000000 5.45454545 0.00000000 1.0000
7.50000000 5.45454545 0.00000000 1.0000
8.50000000 5.45454545 0.00000000 1.0000
9.50000000 5.45454545 0.00000000 1.0000
10.00000000 5.45454545 0.00000000 1.0000
0.00000000 6.18181818 0.00000000 1.0000
0.50000000 6.18181818 0.00000000 1.0000
1.50000000 6.18181818 0.00000000 1.0000
2.50000000 6.18181818 0.00000000 1.0000
3.50000000 6.18181818 0.00000000 1.0000
4.50000000 6.18181818 0.00000000 1.0000
5.50000000 6.18181818 0.00000000 1.0000
6.50000000 6.18181818 0.00000000 1.0000
7.50000000 6.18181818 0.00000000 1.0000
8.50000000 6.18181818 0.00000000 1.0000
9.50000000 6.18181818 0.00000000 1.0000
10.00000000 6.18181818 0.00000000 1.0000
0.00000000 6.90909091 0.00000000 1.0000
0.50000000 6.90909091 0.00000000 1.0000
1.50000000 6.90909091 0.00000000 1.0000
2.50000000 6.90909091 0.00000000 1.0000
3.50000000 6.90909091 0.00000000 1.0000
4.50000000 6.90909091 0.00000000 1.0000
5.50000000 6.90909091 0.00000000 1.0000
6.50000000 6.90909091 0.00000000 1.0000
7.50000000 6.90909091 0.00000000 1.0000
8.50000000 6.90909091 0.00000000 1.0000
9.50000000 6.90909091 0.00000000 1.0000
10.00000000 6.90909091 0.00000000 1.0000
0.00000000 7.63636364 0.00000000 1.0000
0.50000000 7.63636364 0.00000000 1.0000
1.50000000 7.63636364 0.00000000 1.0000
2.50000000 7.63636364 0.00000000 1.0000
3.50000000 7.63636364 0.00000000 1.0000
4.50000000 7.63636364 0.00000000 1.0000
5.50000000 7.63636364 0.00000000 1.0000
6.50000000 7.63636364 0.00000000 1.0000
7.50000000 7.63636364 0.00000000 1.0000
8.50000000 7.63636364 0.00000000 1.0000
9.50000000 7.63636364 0.00000000 1.0000
10.00000000 7.63636364 0.00000000 1.0000
0.00000000 8.00000000 0.00000000 1.0000
0.50000000 8.00000000 0.00000000 1.0000
1.50000000 8.00000000 0.00000000 1.0000
2.50000000 8.00000000 0.00000000 1.0000
3.50000000 8.00000000 0.00000000 1.0000
4.50000000 8.00000000 0.00000000 1.0000
5.50000000 8.00000000 0.00000000 1.0000
6.50000000 8.00000000 0.00000000 1.0000
7.50000000 8.00000000 0.00000000 1.0000
8.50000000 8.00000000 0.00000000 1.0000
9.50000000 8.00000000 0.00000000 1.0000
10.00000000 8.00000000 0.00000000 1.0000
