10
0 0.00000000 0.00000000 0.20000000 0.40000000 0.60000000 0.80000000 1.00000000 1.00000000 1
7
0 0.00000000 0.00000000 0.50000000 1.00000000 1.00000000 1
28
0.00000000 -0.50800000 0.00000000 1.0000
0.05080000 -0.50800000 0.00000000 1.0000
0.15240000 -0.50800000 -0.00000000 1.0000
0.20320000 -0.50800000 0.00000000 1.0000
0.00000000 -0.45720000 0.00000000 1.0000
0.05080000 -0.45720000 -0.00000000 1.0000
0.15240000 -0.45720000 -0.00000000 1.0000
0.20320000 -0.45720000 0.00000000 1.0000
0.00000000 -0.35560000 -0.00000000 1.0000
0.05080000 -0.35560000 0.00000000 1.0000
0.15240000 -0.35560000 -0.00000000 1.0000
0.20320000 -0.35560000 -0.00000000 1.0000
0.00000000 -0.25400000 -0.00000000 1.0000
0.05080000 -0.25400000 -0.00000000 1.0000
0.15240000 -0.25400000 -0.00000000 1.0000
0.20320000 -0.25400000 -0.00000000 1.0000
0.00000000 -0.15240000 -0.00000000 1.0000
0.05080000 -0.15240000 -0.00000000 1.0000
0.15240000 -0.15240000 -0.00000000 1.0000
0.20320000 -0.15240000 -0.00000000 1.0000
0.00000000 -0.05080000 -0.00000000 1.0000
0.05080000 -0.05080000 0.00000000 1.0000
0.15240000 -0.05080000 -0.00000000 1.0000
0.20320000 -0.05080000 -0.00000000 1.0000
0.00000000 0.00000000 0.00000000 1.0000
0.05080000 0.00000000 0.00000000 1.0000
0.15240000 0.00000000 -0.00000000 1.0000
0.20320000 0.00000000 0.00000000 1.0000
