10
0 0.00000000 0.00000000 0.20000000 0.40000000 0.60000000 0.80000000 1.00000000 1.00000000 1
10
0 0.00000000 0.00000000 0.20000000 0.40000000 0.60000000 0.80000000 1.00000000 1.00000000 1
49
0.00000000 -4.00000000 0.00000000 1.0000
1.00000000 -4.00000000 0.00000000 1.0000
3.00000000 -4.00000000 0.00000000 1.0000
5.00000000 -4.00000000 0.00000000 1.0000
7.00000000 -4.00000000 0.00000000 1.0000
9.00000000 -4.00000000 0.00000000 1.0000
10.00000000 -4.00000000 0.00000000 1.0000
0.00000000 -3.00000000 0.00000000 1.0000
1.00000000 -3.00000000 0.00000000 1.0000
3.00000000 -3.00000000 0.00000000 1.0000
5.00000000 -3.00000000 0.00000000 1.0000
7.00000000 -3.00000000 0.00000000 1.0000
9.00000000 -3.00000000 0.00000000 1.0000
10.00000000 -3.00000000 0.00000000 1.0000
0.00000000 -1.00000000 0.00000000 1.0000
1.00000000 -1.00000000 0.00000000 1.0000
3.00000000 -1.00000000 0.00000000 1.0000
5.00000000 -1.00000000 0.00000000 1.0000
7.00000000 -1.00000000 0.00000000 1.0000
9.00000000 -1.00000000 0.00000000 1.0000
10.00000000 -1.00000000 0.00000000 1.0000
0.00000000 1.00000000 0.00000000 1.0000
1.00000000 1.00000000 0.00000000 1.0000
3.00000000 1.00000000 0.00000000 1.0000
5.00000000 1.00000000 0.00000000 1.0000
7.00000000 1.00000000 0.00000000 1.0000
9.00000000 1.00000000 0.00000000 1.0000
10.00000000 1.00000000 0.00000000 1.0000
0.00000000 3.00000000 0.00000000 1.0000
1.00000000 3.00000000 0.00000000 1.0000
3.00000000 3.00000000 0.00000000 1.0000
5.00000000 3.00000000 0.00000000 1.0000
7.00000000 3.00000000 0.00000000 1.0000
9.00000000 3.00000000 0.00000000 1.0000
10.00000000 3.00000000 0.00000000 1.0000
0.00000000 5.00000000 0.00000000 1.0000
1.00000000 5.00000000 0.00000000 1.0000
3.00000000 5.00000000 0.00000000 1.0000
5.00000000 5.00000000 0.00000000 1.0000
7.00000000 5.00000000 0.00000000 1.0000
9.00000000 5.00000000 0.00000000 1.0000
10.00000000 5.00000000 0.00000000 1.0000
0.00000000 6.00000000 0.00000000 1.0000
1.00000000 6.00000000 0.00000000 1.0000
3.00000000 6.00000000 0.00000000 1.0000
5.00000000 6.00000000 0.00000000 1.0000
7.00000000 6.00000000 0.00000000 1.0000
9.00000000 6.00000000 0.00000000 1.0000
10.00000000 6.00000000 0.00000000 1.0000
