6
0 0.00000000 0.00000000 1.00000000 1.00000000 1
21
0 0.00000000 0.00000000 0.06250000 0.12500000 0.18750000 0.25000000 0.31250000 0.37500000 0.43750000 0.50000000 0.56250000 0.62500000 0.68750000 0.75000000 0.81250000 0.87500000 0.93750000 1.00000000 1.00000000 1
54
0.00000000 -0.50800000 -0.00484000 1.0000
0.00635000 -0.50800000 -0.00484000 1.0000
0.01905000 -0.50800000 -0.00484000 1.0000
0.03175000 -0.50800000 -0.00484000 1.0000
0.04445000 -0.50800000 -0.00484000 1.0000
0.05715000 -0.50800000 -0.00484000 1.0000
0.06985000 -0.50800000 -0.00484000 1.0000
0.08255000 -0.50800000 -0.00484000 1.0000
0.09525000 -0.50800000 -0.00484000 1.0000
0.10795000 -0.50800000 -0.00484000 1.0000
0.12065000 -0.50800000 -0.00484000 1.0000
0.13335000 -0.50800000 -0.00484000 1.0000
0.14605000 -0.50800000 -0.00484000 1.0000
0.15875000 -0.50800000 -0.00484000 1.0000
0.17145000 -0.50800000 -0.00484000 1.0000
0.18415000 -0.50800000 -0.00484000 1.0000
0.19685000 -0.50800000 -0.00484000 1.0000
0.20320000 -0.50800000 -0.00484000 1.0000
0.00000000 -0.50800000 -0.00242000 1.0000
0.00635000 -0.50800000 -0.00242000 1.0000
0.01905000 -0.50800000 -0.00242000 1.0000
0.03175000 -0.50800000 -0.00242000 1.0000
0.04445000 -0.50800000 -0.00242000 1.0000
0.05715000 -0.50800000 -0.00242000 1.0000
0.06985000 -0.50800000 -0.00242000 1.0000
0.08255000 -0.50800000 -0.00242000 1.0000
0.09525000 -0.50800000 -0.00242000 1.0000
0.10795000 -0.50800000 -0.00242000 1.0000
0.12065000 -0.50800000 -0.00242000 1.0000
0.13335000 -0.50800000 -0.00242000 1.0000
0.14605000 -0.50800000 -0.00242000 1.0000
0.15875000 -0.50800000 -0.00242000 1.0000
0.17145000 -0.50800000 -0.00242000 1.0000
0.18415000 -0.50800000 -0.00242000 1.0000
0.19685000 -0.50800000 -0.00242000 1.0000
0.20320000 -0.50800000 -0.00242000 1.0000
0.00000000 -0.50800000 0.00000000 1.0000
0.00635000 -0.50800000 0.00000000 1.0000
0.01905000 -0.50800000 0.00000000 1.0000
0.03175000 -0.50800000 0.00000000 1.0000
0.04445000 -0.50800000 0.00000000 1.0000
0.05715000 -0.50800000 0.00000000 1.0000
0.06985000 -0.50800000 0.00000000 1.0000
0.08255000 -0.50800000 0.00000000 1.0000
0.09525000 -0.50800000 0.00000000 1.0000
0.10795000 -0.50800000 0.00000000 1.0000
0.12065000 -0.50800000 0.00000000 1.0000
0.13335000 -0.50800000 0.00000000 1.0000
0.14605000 -0.50800000 0.00000000 1.0000
0.15875000 -0.50800000 0.00000000 1.0000
0.17145000 -0.50800000 0.00000000 1.0000
0.18415000 -0.50800000 0.00000000 1.0000
0.19685000 -0.50800000 0.00000000 1.0000
0.20320000 -0.50800000 0.00000000 1.0000
