10
0 0.00000000 0.00000000 0.00000000 0.00000000 1.00000000 1.00000000 1.00000000 1.00000000 1
12
0 0.00000000 0.00000000 0.00000000 0.00000000 0.33333333 0.66666667 1.00000000 1.00000000 1.00000000 1.00000000 1
35
-0.18850978 -0.07125000 0.00000000 1.0000
-0.16166087 -0.09491347 0.00000000 1.0000
-0.10150333 -0.13188808 0.00000000 1.0000
-0.00000295 -0.15579340 0.00000000 1.0000
0.10150048 -0.13188939 0.00000000 1.0000
0.16166044 -0.09491417 0.00000000 1.0000
0.18850978 -0.07125000 0.00000000 1.0000
-0.20716502 -0.05479199 0.00000000 1.0000
-0.17543732 -0.07208985 0.00000000 1.0000
-0.10806928 -0.09911806 0.00000000 1.0000
-0.00000139 -0.11659270 0.00000000 1.0000
0.10806801 -0.09911902 0.00000000 1.0000
0.17543718 -0.07209035 0.00000000 1.0000
0.20716502 -0.05479199 0.00000000 1.0000
-0.22278681 -0.03717747 0.00000000 1.0000
-0.18680752 -0.04849372 0.00000000 1.0000
-0.11330743 -0.06617556 0.00000000 1.0000
0.00000005 -0.07760747 0.00000000 1.0000
0.11330762 -0.06617619 0.00000000 1.0000
0.18680763 -0.04849405 0.00000000 1.0000
0.22278681 -0.03717747 0.00000000 1.0000
-0.23593454 -0.01885119 0.00000000 1.0000
-0.19619557 -0.02442217 0.00000000 1.0000
-0.11743194 -0.03312692 0.00000000 1.0000
0.00000142 -0.03875484 0.00000000 1.0000
0.11743350 -0.03312723 0.00000000 1.0000
0.19619593 -0.02442233 0.00000000 1.0000
0.23593454 -0.01885119 0.00000000 1.0000
-0.24681724 0.00000000 0.00000000 1.0000
-0.20375822 0.00000000 0.00000000 1.0000
-0.12052007 0.00000000 0.00000000 1.0000
0.00000273 0.00000000 0.00000000 1.0000
0.12052295 0.00000000 0.00000000 1.0000
0.20375882 0.00000000 0.00000000 1.0000
0.24681724 0.00000000 0.00000000 1.0000
