21
0 0.00000000 0.00000000 0.06250000 0.12500000 0.18750000 0.25000000 0.31250000 0.37500000 0.43750000 0.50000000 0.56250000 0.62500000 0.68750000 0.75000000 0.81250000 0.87500000 0.93750000 1.00000000 1.00000000 1
19
0 0.00000000 0.00000000 0.07142857 0.14285714 0.21428571 0.28571429 0.35714286 0.42857143 0.50000000 0.57142857 0.64285714 0.71428571 0.78571429 0.85714286 0.92857143 1.00000000 1.00000000 1
288
0.00000000 0.00000000 0.00000000 1.0000
0.35714286 0.00000000 0.00000000 1.0000
1.07142857 0.00000000 0.00000000 1.0000
1.78571429 0.00000000 0.00000000 1.0000
2.50000000 0.00000000 0.00000000 1.0000
3.21428571 0.00000000 0.00000000 1.0000
3.92857143 0.00000000 0.00000000 1.0000
4.64285714 0.00000000 0.00000000 1.0000
5.35714286 0.00000000 0.00000000 1.0000
6.07142857 0.00000000 0.00000000 1.0000
6.78571429 0.00000000 0.00000000 1.0000
7.50000000 0.00000000 0.00000000 1.0000
8.21428571 0.00000000 0.00000000 1.0000
8.92857143 0.00000000 0.00000000 1.0000
9.64285714 0.00000000 0.00000000 1.0000
10.00000000 0.00000000 0.00000000 1.0000
0.00000000 0.31250000 0.00000000 1.0000
0.35714286 0.31250000 0.00000000 1.0000
1.07142857 0.31250000 0.00000000 1.0000
1.78571429 0.31250000 0.00000000 1.0000
2.50000000 0.31250000 0.00000000 1.0000
3.21428571 0.31250000 0.00000000 1.0000
3.92857143 0.31250000 0.00000000 1.0000
4.64285714 0.31250000 0.00000000 1.0000
5.35714286 0.31250000 0.00000000 1.0000
6.07142857 0.31250000 0.00000000 1.0000
6.78571429 0.31250000 0.00000000 1.0000
7.50000000 0.31250000 0.00000000 1.0000
8.21428571 0.31250000 0.00000000 1.0000
8.92857143 0.31250000 0.00000000 1.0000
9.64285714 0.31250000 0.00000000 1.0000
10.00000000 0.31250000 0.00000000 1.0000
0.00000000 0.93750000 0.00000000 1.0000
0.35714286 0.93750000 0.00000000 1.0000
1.07142857 0.93750000 0.00000000 1.0000
1.78571429 0.93750000 0.00000000 1.0000
2.50000000 0.93750000 0.00000000 1.0000
3.21428571 0.93750000 0.00000000 1.0000
3.92857143 0.93750000 0.00000000 1.0000
4.64285714 0.93750000 0.00000000 1.0000
5.35714286 0.93750000 0.00000000 1.0000
6.07142857 0.93750000 0.00000000 1.0000
6.78571429 0.93750000 0.00000000 1.0000
7.50000000 0.93750000 0.00000000 1.0000
8.21428571 0.93750000 0.00000000 1.0000
8.92857143 0.93750000 0.00000000 1.0000
9.64285714 0.93750000 0.00000000 1.0000
10.00000000 0.93750000 0.00000000 1.0000
0.00000000 1.56250000 0.00000000 1.0000
0.35714286 1.56250000 0.00000000 1.0000
1.07142857 1.56250000 0.00000000 1.0000
1.78571429 1.56250000 0.00000000 1.0000
2.50000000 1.56250000 0.00000000 1.0000
3.21428571 1.56250000 0.00000000 1.0000
3.92857143 1.56250000 0.00000000 1.0000
4.64285714 1.56250000 0.00000000 1.0000
5.35714286 1.56250000 0.00000000 1.0000
6.07142857 1.56250000 0.00000000 1.0000
6.78571429 1.56250000 0.00000000 1.0000
7.50000000 1.56250000 0.00000000 1.0000
8.21428571 1.56250000 0.00000000 1.0000
8.92857143 1.56250000 0.00000000 1.0000
9.64285714 1.56250000 0.00000000 1.0000
10.00000000 1.56250000 0.00000000 1.0000
0.00000000 2.18750000 0.00000000 1.0000
0.35714286 2.18750000 0.00000000 1.0000
1.07142857 2.18750000 0.00000000 1.0000
1.78571429 2.18750000 0.00000000 1.0000
2.50000000 2.18750000 0.00000000 1.0000
3.21428571 2.18750000 0.00000000 1.0000
3.92857143 2.18750000 0.00000000 1.0000
4.64285714 2.18750000 0.00000000 1.0000
5.35714286 2.18750000 0.00000000 1.0000
6.07142857 2.18750000 0.00000000 1.0000
6.78571429 2.18750000 0.00000000 1.0000
7.50000000 2.18750000 0.00000000 1.0000
8.21428571 2.18750000 0.00000000 1.0000
8.92857143 2.18750000 0.00000000 1.0000
9.64285714 2.18750000 0.00000000 1.0000
10.00000000 2.18750000 0.00000000 1.0000
0.00000000 2.81250000 0.00000000 1.0000
0.35714286 2.81250000 0.00000000 1.0000
1.07142857 2.81250000 0.00000000 1.0000
1.78571429 2.81250000 0.00000000 1.0000
2.50000000 2.81250000 0.00000000 1.0000
3.21428571 2.81250000 0.00000000 1.0000
3.92857143 2.81250000 0.00000000 1.0000
4.64285714 2.81250000 0.00000000 1.0000
5.35714286 2.81250000 0.00000000 1.0000
6.07142857 2.81250000 0.00000000 1.0000
6.78571429 2.81250000 0.00000000 1.0000
7.50000000 2.81250000 0.00000000 1.0000
8.21428571 2.81250000 0.00000000 1.0000
8.92857143 2.81250000 0.00000000 1.0000
9.64285714 2.81250000 0.00000000 1.0000
10.00000000 2.81250000 0.00000000 1.0000
0.00000000 3.43750000 0.00000000 1.0000
0.35714286 3.43750000 0.00000000 1.0000
1.07142857 3.43750000 0.00000000 1.0000
1.78571429 3.43750000 0.00000000 1.0000
2.50000000 3.43750000 0.00000000 1.0000
3.21428571 3.43750000 0.00000000 1.0000
3.92857143 3.43750000 0.00000000 1.0000
4.64285714 3.43750000 0.00000000 1.0000
5.35714286 3.43750000 0.00000000 1.0000
6.07142857 3.43750000 0.00000000 1.0000
6.78571429 3.43750000 0.00000000 1.0000
7.50000000 3.43750000 0.00000000 1.0000
8.21428571 3.43750000 0.00000000 1.0000
8.92857143 3.43750000 0.00000000 1.0000
9.64285714 3.43750000 0.00000000 1.0000
10.00000000 3.43750000 0.00000000 1.0000
0.00000000 4.06250000 0.00000000 1.0000
0.35714286 4.06250000 0.00000000 1.0000
1.07142857 4.06250000 0.00000000 1.0000
1.78571429 4.06250000 0.00000000 1.0000
2.50000000 4.06250000 0.00000000 1.0000
3.21428571 4.06250000 0.00000000 1.0000
3.92857143 4.06250000 0.00000000 1.0000
4.64285714 4.06250000 0.00000000 1.0000
5.35714286 4.06250000 0.00000000 1.0000
6.07142857 4.06250000 0.00000000 1.0000
6.78571429 4.06250000 0.00000000 1.0000
7.50000000 4.06250000 0.00000000 1.0000
8.21428571 4.06250000 0.00000000 1.0000
8.92857143 4.06250000 0.00000000 1.0000
9.64285714 4.06250000 0.00000000 1.0000
10.00000000 4.06250000 0.00000000 1.0000
0.00000000 4.68750000 0.00000000 1.0000
0.35714286 4.68750000 0.00000000 1.0000
1.07142857 4.68750000 0.00000000 1.0000
1.78571429 4.68750000 0.00000000 1.0000
2.50000000 4.68750000 0.00000000 1.0000
3.21428571 4.68750000 0.00000000 1.0000
3.92857143 4.68750000 0.00000000 1.0000
4.64285714 4.68750000 0.00000000 1.0000
5.35714286 4.68750000 0.00000000 1.0000
6.07142857 4.68750000 0.00000000 1.0000
6.78571429 4.68750000 0.00000000 1.0000
7.50000000 4.68750000 0.00000000 1.0000
8.21428571 4.68750000 0.00000000 1.0000
8.92857143 4.68750000 0.00000000 1.0000
9.64285714 4.68750000 0.00000000 1.0000
10.00000000 4.68750000 0.00000000 1.0000
0.00000000 5.31250000 0.00000000 1.0000
0.35714286 5.31250000 0.00000000 1.0000
1.07142857 5.31250000 0.00000000 1.0000
1.78571429 5.31250000 0.00000000 1.0000
2.50000000 5.31250000 0.00000000 1.0000
3.21428571 5.31250000 0.00000000 1.0000
3.92857143 5.31250000 0.00000000 1.0000
4.64285714 5.31250000 0.00000000 1.0000
5.35714286 5.31250000 0.00000000 1.0000
6.07142857 5.31250000 0.00000000 1.0000
6.78571429 5.31250000 0.00000000 1.0000
7.50000000 5.31250000 0.00000000 1.0000
8.21428571 5.31250000 0.00000000 1.0000
8.92857143 5.31250000 0.00000000 1.0000
9.64285714 5.31250000 0.00000000 1.0000
10.00000000 5.31250000 0.00000000 1.0000
0.00000000 5.93750000 0.00000000 1.0000
0.35714286 5.93750000 0.00000000 1.0000
1.07142857 5.93750000 0.00000000 1.0000
1.78571429 5.93750000 0.00000000 1.0000
2.50000000 5.93750000 0.00000000 1.0000
3.21428571 5.93750000 0.00000000 1.0000
3.92857143 5.93750000 0.00000000 1.0000
4.64285714 5.93750000 0.00000000 1.0000
5.35714286 5.93750000 0.00000000 1.0000
6.07142857 5.93750000 0.00000000 1.0000
6.78571429 5.93750000 0.00000000 1.0000
7.50000000 5.93750000 0.00000000 1.0000
8.21428571 5.93750000 0.00000000 1.0000
8.92857143 5.93750000 0.00000000 1.0000
9.64285714 5.93750000 0.00000000 1.0000
10.00000000 5.93750000 0.00000000 1.0000
0.00000000 6.56250000 0.00000000 1.0000
0.35714286 6.56250000 0.00000000 1.0000
1.07142857 6.56250000 0.00000000 1.0000
1.78571429 6.56250000 0.00000000 1.0000
2.50000000 6.56250000 0.00000000 1.0000
3.21428571 6.56250000 0.00000000 1.0000
3.92857143 6.56250000 0.00000000 1.0000
4.64285714 6.56250000 0.00000000 1.0000
5.35714286 6.56250000 0.00000000 1.0000
6.07142857 6.56250000 0.00000000 1.0000
6.78571429 6.56250000 0.00000000 1.0000
7.50000000 6.56250000 0.00000000 1.0000
8.21428571 6.56250000 0.00000000 1.0000
8.92857143 6.56250000 0.00000000 1.0000
9.64285714 6.56250000 0.00000000 1.0000
10.00000000 6.56250000 0.00000000 1.0000
0.00000000 7.18750000 0.00000000 1.0000
0.35714286 7.18750000 0.00000000 1.0000
1.07142857 7.18750000 0.00000000 1.0000
1.78571429 7.18750000 0.00000000 1.0000
2.50000000 7.18750000 0.00000000 1.0000
3.21428571 7.18750000 0.00000000 1.0000
3.92857143 7.18750000 0.00000000 1.0000
4.64285714 7.18750000 0.00000000 1.0000
5.35714286 7.18750000 0.00000000 1.0000
6.07142857 7.18750000 0.00000000 1.0000
6.78571429 7.18750000 0.00000000 1.0000
7.50000000 7.18750000 0.00000000 1.0000
8.21428571 7.18750000 0.00000000 1.0000
8.92857143 7.18750000 0.00000000 1.0000
9.64285714 7.18750000 0.00000000 1.0000
10.00000000 7.18750000 0.00000000 1.0000
0.00000000 7.81250000 0.00000000 1.0000
0.35714286 7.81250000 0.00000000 1.0000
1.07142857 7.81250000 0.00000000 1.0000
1.78571429 7.81250000 0.00000000 1.0000
2.50000000 7.81250000 0.00000000 1.0000
3.21428571 7.81250000 0.00000000 1.0000
3.92857143 7.81250000 0.00000000 1.0000
4.64285714 7.81250000 0.00000000 1.0000
5.35714286 7.81250000 0.00000000 1.0000
6.07142857 7.81250000 0.00000000 1.0000
6.78571429 7.81250000 0.00000000 1.0000
7.50000000 7.81250000 0.00000000 1.0000
8.21428571 7.81250000 0.00000000 1.0000
8.92857143 7.81250000 0.00000000 1.0000
9.64285714 7.81250000 0.00000000 1.0000
10.00000000 7.81250000 0.00000000 1.0000
0.00000000 8.43750000 0.00000000 1.0000
0.35714286 8.43750000 0.00000000 1.0000
1.07142857 8.43750000 0.00000000 1.0000
1.78571429 8.43750000 0.00000000 1.0000
2.50000000 8.43750000 0.00000000 1.0000
3.21428571 8.43750000 0.00000000 1.0000
3.92857143 8.43750000 0.00000000 1.0000
4.64285714 8.43750000 0.00000000 1.0000
5.35714286 8.43750000 0.00000000 1.0000
6.07142857 8.43750000 0.00000000 1.0000
6.78571429 8.43750000 0.00000000 1.0000
7.50000000 8.43750000 0.00000000 1.0000
8.21428571 8.43750000 0.00000000 1.0000
8.92857143 8.43750000 0.00000000 1.0000
9.64285714 8.43750000 0.00000000 1.0000
10.00000000 8.43750000 0.00000000 1.0000
0.00000000 9.06250000 0.00000000 1.0000
0.35714286 9.06250000 0.00000000 1.0000
1.07142857 9.06250000 0.00000000 1.0000
1.78571429 9.06250000 0.00000000 1.0000
2.50000000 9.06250000 0.00000000 1.0000
3.21428571 9.06250000 0.00000000 1.0000
3.92857143 9.06250000 0.00000000 1.0000
4.64285714 9.06250000 0.00000000 1.0000
5.35714286 9.06250000 0.00000000 1.0000
6.07142857 9.06250000 0.00000000 1.0000
6.78571429 9.06250000 0.00000000 1.0000
7.50000000 9.06250000 0.00000000 1.0000
8.21428571 9.06250000 0.00000000 1.0000
8.92857143 9.06250000 0.00000000 1.0000
9.64285714 9.06250000 0.00000000 1.0000
10.00000000 9.06250000 0.00000000 1.0000
0.00000000 9.68750000 0.00000000 1.0000
0.35714286 9.68750000 0.00000000 1.0000
1.07142857 9.68750000 0.00000000 1.0000
1.78571429 9.68750000 0.00000000 1.0000
2.50000000 9.68750000 0.00000000 1.0000
3.21428571 9.68750000 0.00000000 1.0000
3.92857143 9.68750000 0.00000000 1.0000
4.64285714 9.68750000 0.00000000 1.0000
5.35714286 9.68750000 0.00000000 1.0000
6.07142857 9.68750000 0.00000000 1.0000
6.78571429 9.68750000 0.00000000 1.0000
7.50000000 9.68750000 0.00000000 1.0000
8.21428571 9.68750000 0.00000000 1.0000
8.92857143 9.68750000 0.00000000 1.0000
9.64285714 9.68750000 0.00000000 1.0000
10.00000000 9.68750000 0.00000000 1.0000
0.00000000 10.00000000 0.00000000 1.0000
0.35714286 10.00000000 0.00000000 1.0000
1.07142857 10.00000000 0.00000000 1.0000
1.78571429 10.00000000 0.00000000 1.0000
2.50000000 10.00000000 0.00000000 1.0000
3.21428571 10.00000000 0.00000000 1.0000
3.92857143 10.00000000 0.00000000 1.0000
4.64285714 10.00000000 0.00000000 1.0000
5.35714286 10.00000000 0.00000000 1.0000
6.07142857 10.00000000 0.00000000 1.0000
6.78571429 10.00000000 0.00000000 1.0000
7.50000000 10.00000000 0.00000000 1.0000
8.21428571 10.00000000 0.00000000 1.0000
8.92857143 10.00000000 0.00000000 1.0000
9.64285714 10.00000000 0.00000000 1.0000
10.00000000 10.00000000 0.00000000 1.0000
