6
0 0.00000000 0.00000000 1.00000000 1.00000000 1
9
0 0.00000000 0.00000000 0.25000000 0.50000000 0.75000000 1.00000000 1.00000000 1
18
0.00000000 -0.50800000 -0.00484000 1.0000
0.02540000 -0.50800000 -0.00484000 1.0000
0.07620000 -0.50800000 -0.00484000 1.0000
0.12700000 -0.50800000 -0.00484000 1.0000
0.17780000 -0.50800000 -0.00484000 1.0000
0.20320000 -0.50800000 -0.00484000 1.0000
0.00000000 -0.50800000 -0.00242000 1.0000
0.02540000 -0.50800000 -0.00242000 1.0000
0.07620000 -0.50800000 -0.00242000 1.0000
0.12700000 -0.50800000 -0.00242000 1.0000
0.17780000 -0.50800000 -0.00242000 1.0000
0.20320000 -0.50800000 -0.00242000 1.0000
0.00000000 -0.50800000 0.00000000 1.0000
0.02540000 -0.50800000 0.00000000 1.0000
0.07620000 -0.50800000 0.00000000 1.0000
0.12700000 -0.50800000 0.00000000 1.0000
0.17780000 -0.50800000 0.00000000 1.0000
0.20320000 -0.50800000 0.00000000 1.0000
