6
0 0.00000000 0.00000000 1.00000000 1.00000000 1
7
0 0.00000000 0.00000000 0.50000000 1.00000000 1.00000000 1
12
0.00000000 -0.50800000 -0.00484000 1.0000
0.05080000 -0.50800000 -0.00484000 1.0000
0.15240000 -0.50800000 -0.00484000 1.0000
0.20320000 -0.50800000 -0.00484000 1.0000
0.00000000 -0.50800000 -0.00242000 1.0000
0.05080000 -0.50800000 -0.00242000 1.0000
0.15240000 -0.50800000 -0.00242000 1.0000
0.20320000 -0.50800000 -0.00242000 1.0000
0.00000000 -0.50800000 0.00000000 1.0000
0.05080000 -0.50800000 0.00000000 1.0000
0.15240000 -0.50800000 0.00000000 1.0000
0.20320000 -0.50800000 0.00000000 1.0000
