15
0 0.00000000 0.00000000 0.10000000 0.20000000 0.30000000 0.40000000 0.50000000 0.60000000 0.70000000 0.80000000 0.90000000 1.00000000 1.00000000 1
14
0 0.00000000 0.00000000 0.11111111 0.22222222 0.33333333 0.44444444 0.55555556 0.66666667 0.77777778 0.88888889 1.00000000 1.00000000 1
132
0.00000000 -4.00000000 0.00000000 1.0000
0.55555556 -4.00000000 0.00000000 1.0000
1.66666667 -4.00000000 0.00000000 1.0000
2.77777778 -4.00000000 0.00000000 1.0000
3.88888889 -4.00000000 0.00000000 1.0000
5.00000000 -4.00000000 0.00000000 1.0000
6.11111111 -4.00000000 0.00000000 1.0000
7.22222222 -4.00000000 0.00000000 1.0000
8.33333333 -4.00000000 0.00000000 1.0000
9.44444444 -4.00000000 0.00000000 1.0000
10.00000000 -4.00000000 0.00000000 1.0000
0.00000000 -3.50000000 0.00000000 1.0000
0.55555556 -3.50000000 0.00000000 1.0000
1.66666667 -3.50000000 0.00000000 1.0000
2.77777778 -3.50000000 0.00000000 1.0000
3.88888889 -3.50000000 0.00000000 1.0000
5.00000000 -3.50000000 0.00000000 1.0000
6.11111111 -3.50000000 0.00000000 1.0000
7.22222222 -3.50000000 0.00000000 1.0000
8.33333333 -3.50000000 0.00000000 1.0000
9.44444444 -3.50000000 0.00000000 1.0000
10.00000000 -3.50000000 0.00000000 1.0000
0.00000000 -2.50000000 0.00000000 1.0000
0.55555556 -2.50000000 0.00000000 1.0000
1.66666667 -2.50000000 0.00000000 1.0000
2.77777778 -2.50000000 0.00000000 1.0000
3.88888889 -2.50000000 0.00000000 1.0000
5.00000000 -2.50000000 0.00000000 1.0000
6.11111111 -2.50000000 0.00000000 1.0000
7.22222222 -2.50000000 0.00000000 1.0000
8.33333333 -2.50000000 0.00000000 1.0000
9.44444444 -2.50000000 0.00000000 1.0000
10.00000000 -2.50000000 0.00000000 1.0000
0.00000000 -1.50000000 0.00000000 1.0000
0.55555556 -1.50000000 0.00000000 1.0000
1.66666667 -1.50000000 0.00000000 1.0000
2.77777778 -1.50000000 0.00000000 1.0000
3.88888889 -1.50000000 0.00000000 1.0000
5.00000000 -1.50000000 0.00000000 1.0000
6.11111111 -1.50000000 0.00000000 1.0000
7.22222222 -1.50000000 0.00000000 1.0000
8.33333333 -1.50000000 0.00000000 1.0000
9.44444444 -1.50000000 0.00000000 1.0000
10.00000000 -1.50000000 0.00000000 1.0000
0.00000000 -0.50000000 0.00000000 1.0000
0.55555556 -0.50000000 0.00000000 1.0000
1.66666667 -0.50000000 0.00000000 1.0000
2.77777778 -0.50000000 0.00000000 1.0000
3.88888889 -0.50000000 0.00000000 1.0000
5.00000000 -0.50000000 0.00000000 1.0000
6.11111111 -0.50000000 0.00000000 1.0000
7.22222222 -0.50000000 0.00000000 1.0000
8.33333333 -0.50000000 0.00000000 1.0000
9.44444444 -0.50000000 0.00000000 1.0000
10.00000000 -0.50000000 0.00000000 1.0000
0.00000000 0.50000000 0.00000000 1.0000
0.55555556 0.50000000 0.00000000 1.0000
1.66666667 0.50000000 0.00000000 1.0000
2.77777778 0.50000000 0.00000000 1.0000
3.88888889 0.50000000 0.00000000 1.0000
5.00000000 0.50000000 0.00000000 1.0000
6.11111111 0.50000000 0.00000000 1.0000
7.22222222 0.50000000 0.00000000 1.0000
8.33333333 0.50000000 0.00000000 1.0000
9.44444444 0.50000000 0.00000000 1.0000
10.00000000 0.50000000 0.00000000 1.0000
0.00000000 1.50000000 0.00000000 1.0000
0.55555556 1.50000000 0.00000000 1.0000
1.66666667 1.50000000 0.00000000 1.0000
2.77777778 1.50000000 0.00000000 1.0000
3.88888889 1.50000000 0.00000000 1.0000
5.00000000 1.50000000 0.00000000 1.0000
6.11111111 1.50000000 0.00000000 1.0000
7.22222222 1.50000000 0.00000000 1.0000
8.33333333 1.50000000 0.00000000 1.0000
9.44444444 1.50000000 0.00000000 1.0000
10.00000000 1.50000000 0.00000000 1.0000
0.00000000 2.50000000 0.00000000 1.0000
0.55555556 2.50000000 0.00000000 1.0000
1.66666667 2.50000000 0.00000000 1.0000
2.77777778 2.50000000 0.00000000 1.0000
3.88888889 2.50000000 0.00000000 1.0000
5.00000000 2.50000000 0.00000000 1.0000
6.11111111 2.50000000 0.00000000 1.0000
7.22222222 2.50000000 0.00000000 1.0000
8.33333333 2.50000000 0.00000000 1.0000
9.44444444 2.50000000 0.00000000 1.0000
10.00000000 2.50000000 0.00000000 1.0000
0.00000000 3.50000000 0.00000000 1.0000
0.55555556 3.50000000 0.00000000 1.0000
1.66666667 3.50000000 0.00000000 1.0000
2.77777778 3.50000000 0.00000000 1.0000
3.88888889 3.50000000 0.00000000 1.0000
5.00000000 3.50000000 0.00000000 1.0000
6.11111111 3.50000000 0.00000000 1.0000
7.22222222 3.50000000 0.00000000 1.0000
8.33333333 3.50000000 0.00000000 1.0000
9.44444444 3.50000000 0.00000000 1.0000
10.00000000 3.50000000 0.00000000 1.0000
0.00000000 4.50000000 0.00000000 1.0000
0.55555556 4.50000000 0.00000000 1.0000
1.66666667 4.50000000 0.00000000 1.0000
2.77777778 4.50000000 0.00000000 1.0000
3.88888889 4.50000000 0.00000000 1.0000
5.00000000 4.50000000 0.00000000 1.0000
6.11111111 4.50000000 0.00000000 1.0000
7.22222222 4.50000000 0.00000000 1.0000
8.33333333 4.50000000 0.00000000 1.0000
9.44444444 4.50000000 0.00000000 1.0000
10.00000000 4.50000000 0.00000000 1.0000
0.00000000 5.50000000 0.00000000 1.0000
0.55555556 5.50000000 0.00000000 1.0000
1.66666667 5.50000000 0.00000000 1.0000
2.77777778 5.50000000 0.00000000 1.0000
3.88888889 5.50000000 0.00000000 1.0000
5.00000000 5.50000000 0.00000000 1.0000
6.11111111 5.50000000 0.00000000 1.0000
7.22222222 5.50000000 0.00000000 1.0000
8.33333333 5.50000000 0.00000000 1.0000
9.44444444 5.50000000 0.00000000 1.0000
10.00000000 5.50000000 0.00000000 1.0000
0.00000000 6.00000000 0.00000000 1.0000
0.55555556 6.00000000 0.00000000 1.0000
1.66666667 6.00000000 0.00000000 1.0000
2.77777778 6.00000000 0.00000000 1.0000
3.88888889 6.00000000 0.00000000 1.0000
5.00000000 6.00000000 0.00000000 1.0000
6.11111111 6.00000000 0.00000000 1.0000
7.22222222 6.00000000 0.00000000 1.0000
8.33333333 6.00000000 0.00000000 1.0000
9.44444444 6.00000000 0.00000000 1.0000
10.00000000 6.00000000 0.00000000 1.0000
