13
0 0.00000000 0.00000000 0.12500000 0.25000000 0.37500000 0.50000000 0.62500000 0.75000000 0.87500000 1.00000000 1.00000000 1
13
0 0.00000000 0.00000000 0.12500000 0.25000000 0.37500000 0.50000000 0.62500000 0.75000000 0.87500000 1.00000000 1.00000000 1
100
0.00000000 -3.00000000 0.00000000 1.0000
0.12500000 -3.00000000 0.00000000 1.0000
0.37500000 -3.00000000 0.00000000 1.0000
0.62500000 -3.00000000 0.00000000 1.0000
0.87500000 -3.00000000 0.00000000 1.0000
1.12500000 -3.00000000 0.00000000 1.0000
1.37500000 -3.00000000 0.00000000 1.0000
1.62500000 -3.00000000 0.00000000 1.0000
1.87500000 -3.00000000 0.00000000 1.0000
2.00000000 -3.00000000 0.00000000 1.0000
0.00000000 -2.87500000 0.00000000 1.0000
0.12500000 -2.87500000 0.00000000 1.0000
0.37500000 -2.87500000 0.00000000 1.0000
0.62500000 -2.87500000 0.00000000 1.0000
0.87500000 -2.87500000 0.00000000 1.0000
1.12500000 -2.87500000 0.00000000 1.0000
1.37500000 -2.87500000 0.00000000 1.0000
1.62500000 -2.87500000 0.00000000 1.0000
1.87500000 -2.87500000 0.00000000 1.0000
2.00000000 -2.87500000 0.00000000 1.0000
0.00000000 -2.62500000 0.00000000 1.0000
0.12500000 -2.62500000 0.00000000 1.0000
0.37500000 -2.62500000 0.00000000 1.0000
0.62500000 -2.62500000 0.00000000 1.0000
0.87500000 -2.62500000 0.00000000 1.0000
1.12500000 -2.62500000 0.00000000 1.0000
1.37500000 -2.62500000 0.00000000 1.0000
1.62500000 -2.62500000 0.00000000 1.0000
1.87500000 -2.62500000 0.00000000 1.0000
2.00000000 -2.62500000 0.00000000 1.0000
0.00000000 -2.37500000 0.00000000 1.0000
0.12500000 -2.37500000 0.00000000 1.0000
0.37500000 -2.37500000 0.00000000 1.0000
0.62500000 -2.37500000 0.00000000 1.0000
0.87500000 -2.37500000 0.00000000 1.0000
1.12500000 -2.37500000 0.00000000 1.0000
1.37500000 -2.37500000 0.00000000 1.0000
1.62500000 -2.37500000 0.00000000 1.0000
1.87500000 -2.37500000 0.00000000 1.0000
2.00000000 -2.37500000 0.00000000 1.0000
0.00000000 -2.12500000 0.00000000 1.0000
0.12500000 -2.12500000 0.00000000 1.0000
0.37500000 -2.12500000 0.00000000 1.0000
0.62500000 -2.12500000 0.00000000 1.0000
0.87500000 -2.12500000 0.00000000 1.0000
1.12500000 -2.12500000 0.00000000 1.0000
1.37500000 -2.12500000 0.00000000 1.0000
1.62500000 -2.12500000 0.00000000 1.0000
1.87500000 -2.12500000 0.00000000 1.0000
2.00000000 -2.12500000 0.00000000 1.0000
0.00000000 -1.87500000 0.00000000 1.0000
0.12500000 -1.87500000 0.00000000 1.0000
0.37500000 -1.87500000 0.00000000 1.0000
0.62500000 -1.87500000 0.00000000 1.0000
0.87500000 -1.87500000 0.00000000 1.0000
1.12500000 -1.87500000 0.00000000 1.0000
1.37500000 -1.87500000 0.00000000 1.0000
1.62500000 -1.87500000 0.00000000 1.0000
1.87500000 -1.87500000 0.00000000 1.0000
2.00000000 -1.87500000 0.00000000 1.0000
0.00000000 -1.62500000 0.00000000 1.0000
0.12500000 -1.62500000 0.00000000 1.0000
0.37500000 -1.62500000 0.00000000 1.0000
0.62500000 -1.62500000 0.00000000 1.0000
0.87500000 -1.62500000 0.00000000 1.0000
1.12500000 -1.62500000 0.00000000 1.0000
1.37500000 -1.62500000 0.00000000 1.0000
1.62500000 -1.62500000 0.00000000 1.0000
1.87500000 -1.62500000 0.00000000 1.0000
2.00000000 -1.62500000 0.00000000 1.0000
0.00000000 -1.37500000 0.00000000 1.0000
0.12500000 -1.37500000 0.00000000 1.0000
0.37500000 -1.37500000 0.00000000 1.0000
0.62500000 -1.37500000 0.00000000 1.0000
0.87500000 -1.37500000 0.00000000 1.0000
1.12500000 -1.37500000 0.00000000 1.0000
1.37500000 -1.37500000 0.00000000 1.0000
1.62500000 -1.37500000 0.00000000 1.0000
1.87500000 -1.37500000 0.00000000 1.0000
2.00000000 -1.37500000 0.00000000 1.0000
0.00000000 -1.12500000 0.00000000 1.0000
0.12500000 -1.12500000 0.00000000 1.0000
0.37500000 -1.12500000 0.00000000 1.0000
0.62500000 -1.12500000 0.00000000 1.0000
0.87500000 -1.12500000 0.00000000 1.0000
1.12500000 -1.12500000 0.00000000 1.0000
1.37500000 -1.12500000 0.00000000 1.0000
1.62500000 -1.12500000 0.00000000 1.0000
1.87500000 -1.12500000 0.00000000 1.0000
2.00000000 -1.12500000 0.00000000 1.0000
0.00000000 -1.00000000 0.00000000 1.0000
0.12500000 -1.00000000 0.00000000 1.0000
0.37500000 -1.00000000 0.00000000 1.0000
0.62500000 -1.00000000 0.00000000 1.0000
0.87500000 -1.00000000 0.00000000 1.0000
1.12500000 -1.00000000 0.00000000 1.0000
1.37500000 -1.00000000 0.00000000 1.0000
1.62500000 -1.00000000 0.00000000 1.0000
1.87500000 -1.00000000 0.00000000 1.0000
2.00000000 -1.00000000 0.00000000 1.0000
