15
0 0.00000000 0.00000000 0.10000000 0.20000000 0.30000000 0.40000000 0.50000000 0.60000000 0.70000000 0.80000000 0.90000000 1.00000000 1.00000000 1
11
0 0.00000000 0.00000000 0.16666667 0.33333333 0.50000000 0.66666667 0.83333333 1.00000000 1.00000000 1
96
0.00000000 -4.00000000 0.00000000 1.0000
0.83333333 -4.00000000 0.00000000 1.0000
2.50000000 -4.00000000 0.00000000 1.0000
4.16666667 -4.00000000 0.00000000 1.0000
5.83333333 -4.00000000 0.00000000 1.0000
7.50000000 -4.00000000 0.00000000 1.0000
9.16666667 -4.00000000 0.00000000 1.0000
10.00000000 -4.00000000 0.00000000 1.0000
0.00000000 -3.50000000 0.00000000 1.0000
0.83333333 -3.50000000 0.00000000 1.0000
2.50000000 -3.50000000 0.00000000 1.0000
4.16666667 -3.50000000 0.00000000 1.0000
5.83333333 -3.50000000 0.00000000 1.0000
7.50000000 -3.50000000 0.00000000 1.0000
9.16666667 -3.50000000 0.00000000 1.0000
10.00000000 -3.50000000 0.00000000 1.0000
0.00000000 -2.50000000 0.00000000 1.0000
0.83333333 -2.50000000 0.00000000 1.0000
2.50000000 -2.50000000 0.00000000 1.0000
4.16666667 -2.50000000 0.00000000 1.0000
5.83333333 -2.50000000 0.00000000 1.0000
7.50000000 -2.50000000 0.00000000 1.0000
9.16666667 -2.50000000 0.00000000 1.0000
10.00000000 -2.50000000 0.00000000 1.0000
0.00000000 -1.50000000 0.00000000 1.0000
0.83333333 -1.50000000 0.00000000 1.0000
2.50000000 -1.50000000 0.00000000 1.0000
4.16666667 -1.50000000 0.00000000 1.0000
5.83333333 -1.50000000 0.00000000 1.0000
7.50000000 -1.50000000 0.00000000 1.0000
9.16666667 -1.50000000 0.00000000 1.0000
10.00000000 -1.50000000 0.00000000 1.0000
0.00000000 -0.50000000 0.00000000 1.0000
0.83333333 -0.50000000 0.00000000 1.0000
2.50000000 -0.50000000 0.00000000 1.0000
4.16666667 -0.50000000 0.00000000 1.0000
5.83333333 -0.50000000 0.00000000 1.0000
7.50000000 -0.50000000 0.00000000 1.0000
9.16666667 -0.50000000 0.00000000 1.0000
10.00000000 -0.50000000 0.00000000 1.0000
0.00000000 0.50000000 0.00000000 1.0000
0.83333333 0.50000000 0.00000000 1.0000
2.50000000 0.50000000 0.00000000 1.0000
4.16666667 0.50000000 0.00000000 1.0000
5.83333333 0.50000000 0.00000000 1.0000
7.50000000 0.50000000 0.00000000 1.0000
9.16666667 0.50000000 0.00000000 1.0000
10.00000000 0.50000000 0.00000000 1.0000
0.00000000 1.50000000 0.00000000 1.0000
0.83333333 1.50000000 0.00000000 1.0000
2.50000000 1.50000000 0.00000000 1.0000
4.16666667 1.50000000 0.00000000 1.0000
5.83333333 1.50000000 0.00000000 1.0000
7.50000000 1.50000000 0.00000000 1.0000
9.16666667 1.50000000 0.00000000 1.0000
10.00000000 1.50000000 0.00000000 1.0000
0.00000000 2.50000000 0.00000000 1.0000
0.83333333 2.50000000 0.00000000 1.0000
2.50000000 2.50000000 0.00000000 1.0000
4.16666667 2.50000000 0.00000000 1.0000
5.83333333 2.50000000 0.00000000 1.0000
7.50000000 2.50000000 0.00000000 1.0000
9.16666667 2.50000000 0.00000000 1.0000
10.00000000 2.50000000 0.00000000 1.0000
0.00000000 3.50000000 0.00000000 1.0000
0.83333333 3.50000000 0.00000000 1.0000
2.50000000 3.50000000 0.00000000 1.0000
4.16666667 3.50000000 0.00000000 1.0000
5.83333333 3.50000000 0.00000000 1.0000
7.50000000 3.50000000 0.00000000 1.0000
9.16666667 3.50000000 0.00000000 1.0000
10.00000000 3.50000000 0.00000000 1.0000
0.00000000 4.50000000 0.00000000 1.0000
0.83333333 4.50000000 0.00000000 1.0000
2.50000000 4.50000000 0.00000000 1.0000
4.16666667 4.50000000 0.00000000 1.0000
5.83333333 4.50000000 0.00000000 1.0000
7.50000000 4.50000000 0.00000000 1.0000
9.16666667 4.50000000 0.00000000 1.0000
10.00000000 4.50000000 0.00000000 1.0000
0.00000000 5.50000000 0.00000000 1.0000
0.83333333 5.50000000 0.00000000 1.0000
2.50000000 5.50000000 0.00000000 1.0000
4.16666667 5.50000000 0.00000000 1.0000
5.83333333 5.50000000 0.00000000 1.0000
7.50000000 5.50000000 0.00000000 1.0000
9.16666667 5.50000000 0.00000000 1.0000
10.00000000 5.50000000 0.00000000 1.0000
0.00000000 6.00000000 0.00000000 1.0000
0.83333333 6.00000000 0.00000000 1.0000
2.50000000 6.00000000 0.00000000 1.0000
4.16666667 6.00000000 0.00000000 1.0000
5.83333333 6.00000000 0.00000000 1.0000
7.50000000 6.00000000 0.00000000 1.0000
9.16666667 6.00000000 0.00000000 1.0000
10.00000000 6.00000000 0.00000000 1.0000
