14
0 0.00000000 0.00000000 0.11111111 0.22222222 0.33333333 0.44444444 0.55555556 0.66666667 0.77777778 0.88888889 1.00000000 1.00000000 1
13
0 0.00000000 0.00000000 0.12500000 0.25000000 0.37500000 0.50000000 0.62500000 0.75000000 0.87500000 1.00000000 1.00000000 1
110
0.00000000 -2.00000000 0.00000000 1.0000
0.12500000 -2.00000000 0.00000000 1.0000
0.37500000 -2.00000000 0.00000000 1.0000
0.62500000 -2.00000000 0.00000000 1.0000
0.87500000 -2.00000000 0.00000000 1.0000
1.12500000 -2.00000000 0.00000000 1.0000
1.37500000 -2.00000000 0.00000000 1.0000
1.62500000 -2.00000000 0.00000000 1.0000
1.87500000 -2.00000000 0.00000000 1.0000
2.00000000 -2.00000000 0.00000000 1.0000
0.00000000 -1.88888889 0.00000000 1.0000
0.12500000 -1.88888889 0.00000000 1.0000
0.37500000 -1.88888889 0.00000000 1.0000
0.62500000 -1.88888889 0.00000000 1.0000
0.87500000 -1.88888889 0.00000000 1.0000
1.12500000 -1.88888889 0.00000000 1.0000
1.37500000 -1.88888889 0.00000000 1.0000
1.62500000 -1.88888889 0.00000000 1.0000
1.87500000 -1.88888889 0.00000000 1.0000
2.00000000 -1.88888889 0.00000000 1.0000
0.00000000 -1.66666667 0.00000000 1.0000
0.12500000 -1.66666667 0.00000000 1.0000
0.37500000 -1.66666667 0.00000000 1.0000
0.62500000 -1.66666667 0.00000000 1.0000
0.87500000 -1.66666667 0.00000000 1.0000
1.12500000 -1.66666667 0.00000000 1.0000
1.37500000 -1.66666667 0.00000000 1.0000
1.62500000 -1.66666667 0.00000000 1.0000
1.87500000 -1.66666667 0.00000000 1.0000
2.00000000 -1.66666667 0.00000000 1.0000
0.00000000 -1.44444444 0.00000000 1.0000
0.12500000 -1.44444444 0.00000000 1.0000
0.37500000 -1.44444444 0.00000000 1.0000
0.62500000 -1.44444444 0.00000000 1.0000
0.87500000 -1.44444444 0.00000000 1.0000
1.12500000 -1.44444444 0.00000000 1.0000
1.37500000 -1.44444444 0.00000000 1.0000
1.62500000 -1.44444444 0.00000000 1.0000
1.87500000 -1.44444444 0.00000000 1.0000
2.00000000 -1.44444444 0.00000000 1.0000
0.00000000 -1.22222222 0.00000000 1.0000
0.12500000 -1.22222222 0.00000000 1.0000
0.37500000 -1.22222222 0.00000000 1.0000
0.62500000 -1.22222222 0.00000000 1.0000
0.87500000 -1.22222222 0.00000000 1.0000
1.12500000 -1.22222222 0.00000000 1.0000
1.37500000 -1.22222222 0.00000000 1.0000
1.62500000 -1.22222222 0.00000000 1.0000
1.87500000 -1.22222222 0.00000000 1.0000
2.00000000 -1.22222222 0.00000000 1.0000
0.00000000 -1.00000000 0.00000000 1.0000
0.12500000 -1.00000000 0.00000000 1.0000
0.37500000 -1.00000000 0.00000000 1.0000
0.62500000 -1.00000000 0.00000000 1.0000
0.87500000 -1.00000000 0.00000000 1.0000
1.12500000 -1.00000000 0.00000000 1.0000
1.37500000 -1.00000000 0.00000000 1.0000
1.62500000 -1.00000000 0.00000000 1.0000
1.87500000 -1.00000000 0.00000000 1.0000
2.00000000 -1.00000000 0.00000000 1.0000
0.00000000 -0.77777778 0.00000000 1.0000
0.12500000 -0.77777778 0.00000000 1.0000
0.37500000 -0.77777778 0.00000000 1.0000
0.62500000 -0.77777778 0.00000000 1.0000
0.87500000 -0.77777778 0.00000000 1.0000
1.12500000 -0.77777778 0.00000000 1.0000
1.37500000 -0.77777778 0.00000000 1.0000
1.62500000 -0.77777778 0.00000000 1.0000
1.87500000 -0.77777778 0.00000000 1.0000
2.00000000 -0.77777778 0.00000000 1.0000
0.00000000 -0.55555556 0.00000000 1.0000
0.12500000 -0.55555556 0.00000000 1.0000
0.37500000 -0.55555556 0.00000000 1.0000
0.62500000 -0.55555556 0.00000000 1.0000
0.87500000 -0.55555556 0.00000000 1.0000
1.12500000 -0.55555556 0.00000000 1.0000
1.37500000 -0.55555556 0.00000000 1.0000
1.62500000 -0.55555556 0.00000000 1.0000
1.87500000 -0.55555556 0.00000000 1.0000
2.00000000 -0.55555556 0.00000000 1.0000
0.00000000 -0.33333333 0.00000000 1.0000
0.12500000 -0.33333333 0.00000000 1.0000
0.37500000 -0.33333333 0.00000000 1.0000
0.62500000 -0.33333333 0.00000000 1.0000
0.87500000 -0.33333333 0.00000000 1.0000
1.12500000 -0.33333333 0.00000000 1.0000
1.37500000 -0.33333333 0.00000000 1.0000
1.62500000 -0.33333333 0.00000000 1.0000
1.87500000 -0.33333333 0.00000000 1.0000
2.00000000 -0.33333333 0.00000000 1.0000
0.00000000 -0.11111111 0.00000000 1.0000
0.12500000 -0.11111111 0.00000000 1.0000
0.37500000 -0.11111111 0.00000000 1.0000
0.62500000 -0.11111111 0.00000000 1.0000
0.87500000 -0.11111111 0.00000000 1.0000
1.12500000 -0.11111111 0.00000000 1.0000
1.37500000 -0.11111111 0.00000000 1.0000
1.62500000 -0.11111111 0.00000000 1.0000
1.87500000 -0.11111111 0.00000000 1.0000
2.00000000 -0.11111111 0.00000000 1.0000
0.00000000 0.00000000 0.00000000 1.0000
0.12500000 -0.00000000 0.00000000 1.0000
0.37500000 -0.00000000 0.00000000 1.0000
0.62500000 0.00000000 0.00000000 1.0000
0.87500000 0.00000000 0.00000000 1.0000
1.12500000 0.00000000 0.00000000 1.0000
1.37500000 0.00000000 0.00000000 1.0000
1.62500000 0.00000000 0.00000000 1.0000
1.87500000 0.00000000 0.00000000 1.0000
2.00000000 0.00000000 0.00000000 1.0000
