6
0 0.00000000 0.00000000 1.00000000 1.00000000 1
20
0 0.00000000 0.00000000 0.06666667 0.13333333 0.20000000 0.26666667 0.33333333 0.40000000 0.46666667 0.53333333 0.60000000 0.66666667 0.73333333 0.80000000 0.86666667 0.93333333 1.00000000 1.00000000 1
51
0.20320000 -0.50800000 -0.00484000 1.0000
0.20320000 -0.49106667 -0.00484000 1.0000
0.20320000 -0.45720000 -0.00484000 1.0000
0.20320000 -0.42333333 -0.00484000 1.0000
0.20320000 -0.38946667 -0.00484000 1.0000
0.20320000 -0.35560000 -0.00484000 1.0000
0.20320000 -0.32173333 -0.00484000 1.0000
0.20320000 -0.28786667 -0.00484000 1.0000
0.20320000 -0.25400000 -0.00484000 1.0000
0.20320000 -0.22013333 -0.00484000 1.0000
0.20320000 -0.18626667 -0.00484000 1.0000
0.20320000 -0.15240000 -0.00484000 1.0000
0.20320000 -0.11853333 -0.00484000 1.0000
0.20320000 -0.08466667 -0.00484000 1.0000
0.20320000 -0.05080000 -0.00484000 1.0000
0.20320000 -0.01693333 -0.00484000 1.0000
0.20320000 0.00000000 -0.00484000 1.0000
0.20320000 -0.50800000 -0.00242000 1.0000
0.20320000 -0.49106667 -0.00242000 1.0000
0.20320000 -0.45720000 -0.00242000 1.0000
0.20320000 -0.42333333 -0.00242000 1.0000
0.20320000 -0.38946667 -0.00242000 1.0000
0.20320000 -0.35560000 -0.00242000 1.0000
0.20320000 -0.32173333 -0.00242000 1.0000
0.20320000 -0.28786667 -0.00242000 1.0000
0.20320000 -0.25400000 -0.00242000 1.0000
0.20320000 -0.22013333 -0.00242000 1.0000
0.20320000 -0.18626667 -0.00242000 1.0000
0.20320000 -0.15240000 -0.00242000 1.0000
0.20320000 -0.11853333 -0.00242000 1.0000
0.20320000 -0.08466667 -0.00242000 1.0000
0.20320000 -0.05080000 -0.00242000 1.0000
0.20320000 -0.01693333 -0.00242000 1.0000
0.20320000 0.00000000 -0.00242000 1.0000
0.20320000 -0.50800000 0.00000000 1.0000
0.20320000 -0.49106667 0.00000000 1.0000
0.20320000 -0.45720000 0.00000000 1.0000
0.20320000 -0.42333333 0.00000000 1.0000
0.20320000 -0.38946667 0.00000000 1.0000
0.20320000 -0.35560000 0.00000000 1.0000
0.20320000 -0.32173333 0.00000000 1.0000
0.20320000 -0.28786667 0.00000000 1.0000
0.20320000 -0.25400000 0.00000000 1.0000
0.20320000 -0.22013333 0.00000000 1.0000
0.20320000 -0.18626667 0.00000000 1.0000
0.20320000 -0.15240000 0.00000000 1.0000
0.20320000 -0.11853333 0.00000000 1.0000
0.20320000 -0.08466667 0.00000000 1.0000
0.20320000 -0.05080000 0.00000000 1.0000
0.20320000 -0.01693333 0.00000000 1.0000
0.20320000 0.00000000 0.00000000 1.0000
