11
0 0.00000000 0.00000000 0.00000000 0.00000000 0.50000000 1.00000000 1.00000000 1.00000000 1.00000000 1
13
0 0.00000000 0.00000000 0.00000000 0.00000000 0.25000000 0.50000000 0.75000000 1.00000000 1.00000000 1.00000000 1.00000000 1
48
-0.18850978 -0.07125000 0.00000000 1.0000
-0.16837515 -0.08899757 0.00000000 1.0000
-0.12445566 -0.11866978 0.00000000 1.0000
-0.05116408 -0.14549678 0.00000000 1.0000
0.05115954 -0.14549754 0.00000000 1.0000
0.12445382 -0.11867091 0.00000000 1.0000
0.16837483 -0.08899809 0.00000000 1.0000
0.18850978 -0.07125000 0.00000000 1.0000
-0.19783740 -0.06302100 0.00000000 1.0000
-0.17587270 -0.07838146 0.00000000 1.0000
-0.12901372 -0.10406267 0.00000000 1.0000
-0.05272951 -0.12728136 0.00000000 1.0000
0.05272619 -0.12728202 0.00000000 1.0000
0.12901241 -0.10406365 0.00000000 1.0000
0.17587248 -0.07838191 0.00000000 1.0000
0.19783740 -0.06302100 0.00000000 1.0000
-0.21497592 -0.04598473 0.00000000 1.0000
-0.18958629 -0.05671500 0.00000000 1.0000
-0.13726905 -0.07465496 0.00000000 1.0000
-0.05553358 -0.09087470 0.00000000 1.0000
0.05553260 -0.09087516 0.00000000 1.0000
0.13726874 -0.07465565 0.00000000 1.0000
0.18958629 -0.05671531 0.00000000 1.0000
0.21497592 -0.04598473 0.00000000 1.0000
-0.22936068 -0.02801433 0.00000000 1.0000
-0.20096587 -0.03434703 0.00000000 1.0000
-0.14394736 -0.04493468 0.00000000 1.0000
-0.05773580 -0.05450711 0.00000000 1.0000
0.05773701 -0.05450738 0.00000000 1.0000
0.14394799 -0.04493509 0.00000000 1.0000
0.20096605 -0.03434722 0.00000000 1.0000
0.22936068 -0.02801433 0.00000000 1.0000
-0.24137589 -0.00942560 0.00000000 1.0000
-0.21032527 -0.01151471 0.00000000 1.0000
-0.14924606 -0.01500750 0.00000000 1.0000
-0.05940647 -0.01816538 0.00000000 1.0000
0.05940976 -0.01816547 0.00000000 1.0000
0.14924758 -0.01500763 0.00000000 1.0000
0.21032564 -0.01151477 0.00000000 1.0000
0.24137589 -0.00942560 0.00000000 1.0000
-0.24681724 0.00000000 0.00000000 1.0000
-0.21452116 0.00000000 0.00000000 1.0000
-0.15156370 0.00000000 0.00000000 1.0000
-0.06011356 0.00000000 0.00000000 1.0000
0.06011786 0.00000000 0.00000000 1.0000
0.15156566 0.00000000 0.00000000 1.0000
0.21452161 0.00000000 0.00000000 1.0000
0.24681724 0.00000000 0.00000000 1.0000
