21
0 0.00000000 0.00000000 0.06250000 0.12500000 0.18750000 0.25000000 0.31250000 0.37500000 0.43750000 0.50000000 0.56250000 0.62500000 0.68750000 0.75000000 0.81250000 0.87500000 0.93750000 1.00000000 1.00000000 1
21
0 0.00000000 0.00000000 0.06250000 0.12500000 0.18750000 0.25000000 0.31250000 0.37500000 0.43750000 0.50000000 0.56250000 0.62500000 0.68750000 0.75000000 0.81250000 0.87500000 0.93750000 1.00000000 1.00000000 1
324
0.00000000 0.00000000 0.00000000 1.0000
0.31250000 0.00000000 0.00000000 1.0000
0.93750000 0.00000000 0.00000000 1.0000
1.56250000 0.00000000 0.00000000 1.0000
2.18750000 0.00000000 0.00000000 1.0000
2.81250000 0.00000000 0.00000000 1.0000
3.43750000 0.00000000 0.00000000 1.0000
4.06250000 0.00000000 0.00000000 1.0000
4.68750000 0.00000000 0.00000000 1.0000
5.31250000 0.00000000 0.00000000 1.0000
5.93750000 0.00000000 0.00000000 1.0000
6.56250000 0.00000000 0.00000000 1.0000
7.18750000 0.00000000 0.00000000 1.0000
7.81250000 0.00000000 0.00000000 1.0000
8.43750000 0.00000000 0.00000000 1.0000
9.06250000 0.00000000 0.00000000 1.0000
9.68750000 0.00000000 0.00000000 1.0000
10.00000000 0.00000000 0.00000000 1.0000
0.00000000 0.31250000 0.00000000 1.0000
0.31250000 0.31250000 0.00000000 1.0000
0.93750000 0.31250000 0.00000000 1.0000
1.56250000 0.31250000 0.00000000 1.0000
2.18750000 0.31250000 0.00000000 1.0000
2.81250000 0.31250000 0.00000000 1.0000
3.43750000 0.31250000 0.00000000 1.0000
4.06250000 0.31250000 0.00000000 1.0000
4.68750000 0.31250000 0.00000000 1.0000
5.31250000 0.31250000 0.00000000 1.0000
5.93750000 0.31250000 0.00000000 1.0000
6.56250000 0.31250000 0.00000000 1.0000
7.18750000 0.31250000 0.00000000 1.0000
7.81250000 0.31250000 0.00000000 1.0000
8.43750000 0.31250000 0.00000000 1.0000
9.06250000 0.31250000 0.00000000 1.0000
9.68750000 0.31250000 0.00000000 1.0000
10.00000000 0.31250000 0.00000000 1.0000
0.00000000 0.93750000 0.00000000 1.0000
0.31250000 0.93750000 0.00000000 1.0000
0.93750000 0.93750000 0.00000000 1.0000
1.56250000 0.93750000 0.00000000 1.0000
2.18750000 0.93750000 0.00000000 1.0000
2.81250000 0.93750000 0.00000000 1.0000
3.43750000 0.93750000 0.00000000 1.0000
4.06250000 0.93750000 0.00000000 1.0000
4.68750000 0.93750000 0.00000000 1.0000
5.31250000 0.93750000 0.00000000 1.0000
5.93750000 0.93750000 0.00000000 1.0000
6.56250000 0.93750000 0.00000000 1.0000
7.18750000 0.93750000 0.00000000 1.0000
7.81250000 0.93750000 0.00000000 1.0000
8.43750000 0.93750000 0.00000000 1.0000
9.06250000 0.93750000 0.00000000 1.0000
9.68750000 0.93750000 0.00000000 1.0000
10.00000000 0.93750000 0.00000000 1.0000
0.00000000 1.56250000 0.00000000 1.0000
0.31250000 1.56250000 0.00000000 1.0000
0.93750000 1.56250000 0.00000000 1.0000
1.56250000 1.56250000 0.00000000 1.0000
2.18750000 1.56250000 0.00000000 1.0000
2.81250000 1.56250000 0.00000000 1.0000
3.43750000 1.56250000 0.00000000 1.0000
4.06250000 1.56250000 0.00000000 1.0000
4.68750000 1.56250000 0.00000000 1.0000
5.31250000 1.56250000 0.00000000 1.0000
5.93750000 1.56250000 0.00000000 1.0000
6.56250000 1.56250000 0.00000000 1.0000
7.18750000 1.56250000 0.00000000 1.0000
7.81250000 1.56250000 0.00000000 1.0000
8.43750000 1.56250000 0.00000000 1.0000
9.06250000 1.56250000 0.00000000 1.0000
9.68750000 1.56250000 0.00000000 1.0000
10.00000000 1.56250000 0.00000000 1.0000
0.00000000 2.18750000 0.00000000 1.0000
0.31250000 2.18750000 0.00000000 1.0000
0.93750000 2.18750000 0.00000000 1.0000
1.56250000 2.18750000 0.00000000 1.0000
2.18750000 2.18750000 0.00000000 1.0000
2.81250000 2.18750000 0.00000000 1.0000
3.43750000 2.18750000 0.00000000 1.0000
4.06250000 2.18750000 0.00000000 1.0000
4.68750000 2.18750000 0.00000000 1.0000
5.31250000 2.18750000 0.00000000 1.0000
5.93750000 2.18750000 0.00000000 1.0000
6.56250000 2.18750000 0.00000000 1.0000
7.18750000 2.18750000 0.00000000 1.0000
7.81250000 2.18750000 0.00000000 1.0000
8.43750000 2.18750000 0.00000000 1.0000
9.06250000 2.18750000 0.00000000 1.0000
9.68750000 2.18750000 0.00000000 1.0000
10.00000000 2.18750000 0.00000000 1.0000
0.00000000 2.81250000 0.00000000 1.0000
0.31250000 2.81250000 0.00000000 1.0000
0.93750000 2.81250000 0.00000000 1.0000
1.56250000 2.81250000 0.00000000 1.0000
2.18750000 2.81250000 0.00000000 1.0000
2.81250000 2.81250000 0.00000000 1.0000
3.43750000 2.81250000 0.00000000 1.0000
4.06250000 2.81250000 0.00000000 1.0000
4.68750000 2.81250000 0.00000000 1.0000
5.31250000 2.81250000 0.00000000 1.0000
5.93750000 2.81250000 0.00000000 1.0000
6.56250000 2.81250000 0.00000000 1.0000
7.18750000 2.81250000 0.00000000 1.0000
7.81250000 2.81250000 0.00000000 1.0000
8.43750000 2.81250000 0.00000000 1.0000
9.06250000 2.81250000 0.00000000 1.0000
9.68750000 2.81250000 0.00000000 1.0000
10.00000000 2.81250000 0.00000000 1.0000
0.00000000 3.43750000 0.00000000 1.0000
0.31250000 3.43750000 0.00000000 1.0000
0.93750000 3.43750000 0.00000000 1.0000
1.56250000 3.43750000 0.00000000 1.0000
2.18750000 3.43750000 0.00000000 1.0000
2.81250000 3.43750000 0.00000000 1.0000
3.43750000 3.43750000 0.00000000 1.0000
4.06250000 3.43750000 0.00000000 1.0000
4.68750000 3.43750000 0.00000000 1.0000
5.31250000 3.43750000 0.00000000 1.0000
5.93750000 3.43750000 0.00000000 1.0000
6.56250000 3.43750000 0.00000000 1.0000
7.18750000 3.43750000 0.00000000 1.0000
7.81250000 3.43750000 0.00000000 1.0000
8.43750000 3.43750000 0.00000000 1.0000
9.06250000 3.43750000 0.00000000 1.0000
9.68750000 3.43750000 0.00000000 1.0000
10.00000000 3.43750000 0.00000000 1.0000
0.00000000 4.06250000 0.00000000 1.0000
0.31250000 4.06250000 0.00000000 1.0000
0.93750000 4.06250000 0.00000000 1.0000
1.56250000 4.06250000 0.00000000 1.0000
2.18750000 4.06250000 0.00000000 1.0000
2.81250000 4.06250000 0.00000000 1.0000
3.43750000 4.06250000 0.00000000 1.0000
4.06250000 4.06250000 0.00000000 1.0000
4.68750000 4.06250000 0.00000000 1.0000
5.31250000 4.06250000 0.00000000 1.0000
5.93750000 4.06250000 0.00000000 1.0000
6.56250000 4.06250000 0.00000000 1.0000
7.18750000 4.06250000 0.00000000 1.0000
7.81250000 4.06250000 0.00000000 1.0000
8.43750000 4.06250000 0.00000000 1.0000
9.06250000 4.06250000 0.00000000 1.0000
9.68750000 4.06250000 0.00000000 1.0000
10.00000000 4.06250000 0.00000000 1.0000
0.00000000 4.68750000 0.00000000 1.0000
0.31250000 4.68750000 0.00000000 1.0000
0.93750000 4.68750000 0.00000000 1.0000
1.56250000 4.68750000 0.00000000 1.0000
2.18750000 4.68750000 0.00000000 1.0000
2.81250000 4.68750000 0.00000000 1.0000
3.43750000 4.68750000 0.00000000 1.0000
4.06250000 4.68750000 0.00000000 1.0000
4.68750000 4.68750000 0.00000000 1.0000
5.31250000 4.68750000 0.00000000 1.0000
5.93750000 4.68750000 0.00000000 1.0000
6.56250000 4.68750000 0.00000000 1.0000
7.18750000 4.68750000 0.00000000 1.0000
7.81250000 4.68750000 0.00000000 1.0000
8.43750000 4.68750000 0.00000000 1.0000
9.06250000 4.68750000 0.00000000 1.0000
9.68750000 4.68750000 0.00000000 1.0000
10.00000000 4.68750000 0.00000000 1.0000
0.00000000 5.31250000 0.00000000 1.0000
0.31250000 5.31250000 0.00000000 1.0000
0.93750000 5.31250000 0.00000000 1.0000
1.56250000 5.31250000 0.00000000 1.0000
2.18750000 5.31250000 0.00000000 1.0000
2.81250000 5.31250000 0.00000000 1.0000
3.43750000 5.31250000 0.00000000 1.0000
4.06250000 5.31250000 0.00000000 1.0000
4.68750000 5.31250000 0.00000000 1.0000
5.31250000 5.31250000 0.00000000 1.0000
5.93750000 5.31250000 0.00000000 1.0000
6.56250000 5.31250000 0.00000000 1.0000
7.18750000 5.31250000 0.00000000 1.0000
7.81250000 5.31250000 0.00000000 1.0000
8.43750000 5.31250000 0.00000000 1.0000
9.06250000 5.31250000 0.00000000 1.0000
9.68750000 5.31250000 0.00000000 1.0000
10.00000000 5.31250000 0.00000000 1.0000
0.00000000 5.93750000 0.00000000 1.0000
0.31250000 5.93750000 0.00000000 1.0000
0.93750000 5.93750000 0.00000000 1.0000
1.56250000 5.93750000 0.00000000 1.0000
2.18750000 5.93750000 0.00000000 1.0000
2.81250000 5.93750000 0.00000000 1.0000
3.43750000 5.93750000 0.00000000 1.0000
4.06250000 5.93750000 0.00000000 1.0000
4.68750000 5.93750000 0.00000000 1.0000
5.31250000 5.93750000 0.00000000 1.0000
5.93750000 5.93750000 0.00000000 1.0000
6.56250000 5.93750000 0.00000000 1.0000
7.18750000 5.93750000 0.00000000 1.0000
7.81250000 5.93750000 0.00000000 1.0000
8.43750000 5.93750000 0.00000000 1.0000
9.06250000 5.93750000 0.00000000 1.0000
9.68750000 5.93750000 0.00000000 1.0000
10.00000000 5.93750000 0.00000000 1.0000
0.00000000 6.56250000 0.00000000 1.0000
0.31250000 6.56250000 0.00000000 1.0000
0.93750000 6.56250000 0.00000000 1.0000
1.56250000 6.56250000 0.00000000 1.0000
2.18750000 6.56250000 0.00000000 1.0000
2.81250000 6.56250000 0.00000000 1.0000
3.43750000 6.56250000 0.00000000 1.0000
4.06250000 6.56250000 0.00000000 1.0000
4.68750000 6.56250000 0.00000000 1.0000
5.31250000 6.56250000 0.00000000 1.0000
5.93750000 6.56250000 0.00000000 1.0000
6.56250000 6.56250000 0.00000000 1.0000
7.18750000 6.56250000 0.00000000 1.0000
7.81250000 6.56250000 0.00000000 1.0000
8.43750000 6.56250000 0.00000000 1.0000
9.06250000 6.56250000 0.00000000 1.0000
9.68750000 6.56250000 0.00000000 1.0000
10.00000000 6.56250000 0.00000000 1.0000
0.00000000 7.18750000 0.00000000 1.0000
0.31250000 7.18750000 0.00000000 1.0000
0.93750000 7.18750000 0.00000000 1.0000
1.56250000 7.18750000 0.00000000 1.0000
2.18750000 7.18750000 0.00000000 1.0000
2.81250000 7.18750000 0.00000000 1.0000
3.43750000 7.18750000 0.00000000 1.0000
4.06250000 7.18750000 0.00000000 1.0000
4.68750000 7.18750000 0.00000000 1.0000
5.31250000 7.18750000 0.00000000 1.0000
5.93750000 7.18750000 0.00000000 1.0000
6.56250000 7.18750000 0.00000000 1.0000
7.18750000 7.18750000 0.00000000 1.0000
7.81250000 7.18750000 0.00000000 1.0000
8.43750000 7.18750000 0.00000000 1.0000
9.06250000 7.18750000 0.00000000 1.0000
9.68750000 7.18750000 0.00000000 1.0000
10.00000000 7.18750000 0.00000000 1.0000
0.00000000 7.81250000 0.00000000 1.0000
0.31250000 7.81250000 0.00000000 1.0000
0.93750000 7.81250000 0.00000000 1.0000
1.56250000 7.81250000 0.00000000 1.0000
2.18750000 7.81250000 0.00000000 1.0000
2.81250000 7.81250000 0.00000000 1.0000
3.43750000 7.81250000 0.00000000 1.0000
4.06250000 7.81250000 0.00000000 1.0000
4.68750000 7.81250000 0.00000000 1.0000
5.31250000 7.81250000 0.00000000 1.0000
5.93750000 7.81250000 0.00000000 1.0000
6.56250000 7.81250000 0.00000000 1.0000
7.18750000 7.81250000 0.00000000 1.0000
7.81250000 7.81250000 0.00000000 1.0000
8.43750000 7.81250000 0.00000000 1.0000
9.06250000 7.81250000 0.00000000 1.0000
9.68750000 7.81250000 0.00000000 1.0000
10.00000000 7.81250000 0.00000000 1.0000
0.00000000 8.43750000 0.00000000 1.0000
0.31250000 8.43750000 0.00000000 1.0000
0.93750000 8.43750000 0.00000000 1.0000
1.56250000 8.43750000 0.00000000 1.0000
2.18750000 8.43750000 0.00000000 1.0000
2.81250000 8.43750000 0.00000000 1.0000
3.43750000 8.43750000 0.00000000 1.0000
4.06250000 8.43750000 0.00000000 1.0000
4.68750000 8.43750000 0.00000000 1.0000
5.31250000 8.43750000 0.00000000 1.0000
5.93750000 8.43750000 0.00000000 1.0000
6.56250000 8.43750000 0.00000000 1.0000
7.18750000 8.43750000 0.00000000 1.0000
7.81250000 8.43750000 0.00000000 1.0000
8.43750000 8.43750000 0.00000000 1.0000
9.06250000 8.43750000 0.00000000 1.0000
9.68750000 8.43750000 0.00000000 1.0000
10.00000000 8.43750000 0.00000000 1.0000
0.00000000 9.06250000 0.00000000 1.0000
0.31250000 9.06250000 0.00000000 1.0000
0.93750000 9.06250000 0.00000000 1.0000
1.56250000 9.06250000 0.00000000 1.0000
2.18750000 9.06250000 0.00000000 1.0000
2.81250000 9.06250000 0.00000000 1.0000
3.43750000 9.06250000 0.00000000 1.0000
4.06250000 9.06250000 0.00000000 1.0000
4.68750000 9.06250000 0.00000000 1.0000
5.31250000 9.06250000 0.00000000 1.0000
5.93750000 9.06250000 0.00000000 1.0000
6.56250000 9.06250000 0.00000000 1.0000
7.18750000 9.06250000 0.00000000 1.0000
7.81250000 9.06250000 0.00000000 1.0000
8.43750000 9.06250000 0.00000000 1.0000
9.06250000 9.06250000 0.00000000 1.0000
9.68750000 9.06250000 0.00000000 1.0000
10.00000000 9.06250000 0.00000000 1.0000
0.00000000 9.68750000 0.00000000 1.0000
0.31250000 9.68750000 0.00000000 1.0000
0.93750000 9.68750000 0.00000000 1.0000
1.56250000 9.68750000 0.00000000 1.0000
2.18750000 9.68750000 0.00000000 1.0000
2.81250000 9.68750000 0.00000000 1.0000
3.43750000 9.68750000 0.00000000 1.0000
4.06250000 9.68750000 0.00000000 1.0000
4.68750000 9.68750000 0.00000000 1.0000
5.31250000 9.68750000 0.00000000 1.0000
5.93750000 9.68750000 0.00000000 1.0000
6.56250000 9.68750000 0.00000000 1.0000
7.18750000 9.68750000 0.00000000 1.0000
7.81250000 9.68750000 0.00000000 1.0000
8.43750000 9.68750000 0.00000000 1.0000
9.06250000 9.68750000 0.00000000 1.0000
9.68750000 9.68750000 0.00000000 1.0000
10.00000000 9.68750000 0.00000000 1.0000
0.00000000 10.00000000 0.00000000 1.0000
0.31250000 10.00000000 0.00000000 1.0000
0.93750000 10.00000000 0.00000000 1.0000
1.56250000 10.00000000 0.00000000 1.0000
2.18750000 10.00000000 0.00000000 1.0000
2.81250000 10.00000000 0.00000000 1.0000
3.43750000 10.00000000 0.00000000 1.0000
4.06250000 10.00000000 0.00000000 1.0000
4.68750000 10.00000000 0.00000000 1.0000
5.31250000 10.00000000 0.00000000 1.0000
5.93750000 10.00000000 0.00000000 1.0000
6.56250000 10.00000000 0.00000000 1.0000
7.18750000 10.00000000 0.00000000 1.0000
7.81250000 10.00000000 0.00000000 1.0000
8.43750000 10.00000000 0.00000000 1.0000
9.06250000 10.00000000 0.00000000 1.0000
9.68750000 10.00000000 0.00000000 1.0000
10.00000000 10.00000000 0.00000000 1.0000
