9
0 0.00000000 0.00000000 0.25000000 0.50000000 0.75000000 1.00000000 1.00000000 1
11
0 0.00000000 0.00000000 0.16666667 0.33333333 0.50000000 0.66666667 0.83333333 1.00000000 1.00000000 1
48
0.00000000 -4.00000000 0.00000000 1.0000
0.83333333 -4.00000000 0.00000000 1.0000
2.50000000 -4.00000000 0.00000000 1.0000
4.16666667 -4.00000000 0.00000000 1.0000
5.83333333 -4.00000000 0.00000000 1.0000
7.50000000 -4.00000000 0.00000000 1.0000
9.16666667 -4.00000000 0.00000000 1.0000
10.00000000 -4.00000000 0.00000000 1.0000
0.00000000 -3.50000000 0.00000000 1.0000
0.83333333 -3.50000000 0.00000000 1.0000
2.50000000 -3.50000000 0.00000000 1.0000
4.16666667 -3.50000000 0.00000000 1.0000
5.83333333 -3.50000000 0.00000000 1.0000
7.50000000 -3.50000000 0.00000000 1.0000
9.16666667 -3.50000000 0.00000000 1.0000
10.00000000 -3.50000000 0.00000000 1.0000
0.00000000 -2.50000000 0.00000000 1.0000
0.83333333 -2.50000000 0.00000000 1.0000
2.50000000 -2.50000000 0.00000000 1.0000
4.16666667 -2.50000000 0.00000000 1.0000
5.83333333 -2.50000000 0.00000000 1.0000
7.50000000 -2.50000000 0.00000000 1.0000
9.16666667 -2.50000000 0.00000000 1.0000
10.00000000 -2.50000000 0.00000000 1.0000
0.00000000 -1.50000000 0.00000000 1.0000
0.83333333 -1.50000000 0.00000000 1.0000
2.50000000 -1.50000000 0.00000000 1.0000
4.16666667 -1.50000000 0.00000000 1.0000
5.83333333 -1.50000000 0.00000000 1.0000
7.50000000 -1.50000000 0.00000000 1.0000
9.16666667 -1.50000000 0.00000000 1.0000
10.00000000 -1.50000000 0.00000000 1.0000
0.00000000 -0.50000000 0.00000000 1.0000
0.83333333 -0.50000000 0.00000000 1.0000
2.50000000 -0.50000000 0.00000000 1.0000
4.16666667 -0.50000000 0.00000000 1.0000
5.83333333 -0.50000000 0.00000000 1.0000
7.50000000 -0.50000000 0.00000000 1.0000
9.16666667 -0.50000000 0.00000000 1.0000
10.00000000 -0.50000000 0.00000000 1.0000
0.00000000 0.00000000 0.00000000 1.0000
0.83333333 -0.00000000 0.00000000 1.0000
2.50000000 -0.00000000 0.00000000 1.0000
4.16666667 -0.00000000 0.00000000 1.0000
5.83333333 -0.00000000 0.00000000 1.0000
7.50000000 -0.00000000 0.00000000 1.0000
9.16666667 -0.00000000 0.00000000 1.0000
10.00000000 -0.00000000 0.00000000 1.0000
