19
0 0.00000000 0.00000000 0.00000000 0.00000000 0.10000000 0.20000000 0.30000000 0.40000000 0.50000000 0.60000000 0.70000000 0.80000000 0.90000000 1.00000000 1.00000000 1.00000000 1.00000000 1
21
0 0.00000000 0.00000000 0.00000000 0.00000000 0.08333333 0.16666667 0.25000000 0.33333333 0.41666667 0.50000000 0.58333333 0.66666667 0.75000000 0.83333333 0.91666667 1.00000000 1.00000000 1.00000000 1.00000000 1
224
0.07725000 0.00000000 0.00000000 1.0000
0.07725000 0.00505598 0.00000000 1.0000
0.07636757 0.01516819 0.00000000 1.0000
0.07239668 0.02998764 0.00000000 1.0000
0.06216843 0.04770353 0.00000000 1.0000
0.04770352 0.06216843 0.00000000 1.0000
0.02998768 0.07239668 0.00000000 1.0000
0.01022824 0.07769120 0.00000000 1.0000
-0.01022824 0.07769120 0.00000000 1.0000
-0.02998768 0.07239668 0.00000000 1.0000
-0.04770352 0.06216843 0.00000000 1.0000
-0.06216843 0.04770354 0.00000000 1.0000
-0.07239668 0.02998764 0.00000000 1.0000
-0.07636757 0.01516819 0.00000000 1.0000
-0.07725000 0.00505598 0.00000000 1.0000
-0.07725000 0.00000000 0.00000000 1.0000
0.07725000 0.00000000 0.00577500 1.0000
0.07725000 0.00505598 0.00577500 1.0000
0.07636757 0.01516819 0.00577500 1.0000
0.07239668 0.02998764 0.00577500 1.0000
0.06216843 0.04770353 0.00577500 1.0000
0.04770352 0.06216843 0.00577500 1.0000
0.02998768 0.07239668 0.00577500 1.0000
0.01022824 0.07769120 0.00577500 1.0000
-0.01022824 0.07769120 0.00577500 1.0000
-0.02998768 0.07239668 0.00577500 1.0000
-0.04770352 0.06216843 0.00577500 1.0000
-0.06216843 0.04770354 0.00577500 1.0000
-0.07239668 0.02998764 0.00577500 1.0000
-0.07636757 0.01516819 0.00577500 1.0000
-0.07725000 0.00505598 0.00577500 1.0000
-0.07725000 0.00000000 0.00577500 1.0000
0.07725000 0.00000000 0.01732500 1.0000
0.07725000 0.00505598 0.01732500 1.0000
0.07636757 0.01516819 0.01732500 1.0000
0.07239668 0.02998764 0.01732500 1.0000
0.06216843 0.04770353 0.01732500 1.0000
0.04770352 0.06216843 0.01732500 1.0000
0.02998768 0.07239668 0.01732500 1.0000
0.01022824 0.07769120 0.01732500 1.0000
-0.01022824 0.07769120 0.01732500 1.0000
-0.02998768 0.07239668 0.01732500 1.0000
-0.04770352 0.06216843 0.01732500 1.0000
-0.06216843 0.04770354 0.01732500 1.0000
-0.07239668 0.02998764 0.01732500 1.0000
-0.07636757 0.01516819 0.01732500 1.0000
-0.07725000 0.00505598 0.01732500 1.0000
-0.07725000 0.00000000 0.01732500 1.0000
0.07725000 0.00000000 0.03465000 1.0000
0.07725000 0.00505598 0.03465000 1.0000
0.07636757 0.01516819 0.03465000 1.0000
0.07239668 0.02998764 0.03465000 1.0000
0.06216843 0.04770353 0.03465000 1.0000
0.04770352 0.06216843 0.03465000 1.0000
0.02998768 0.07239668 0.03465000 1.0000
0.01022824 0.07769120 0.03465000 1.0000
-0.01022824 0.07769120 0.03465000 1.0000
-0.02998768 0.07239668 0.03465000 1.0000
-0.04770352 0.06216843 0.03465000 1.0000
-0.06216843 0.04770354 0.03465000 1.0000
-0.07239668 0.02998764 0.03465000 1.0000
-0.07636757 0.01516819 0.03465000 1.0000
-0.07725000 0.00505598 0.03465000 1.0000
-0.07725000 0.00000000 0.03465000 1.0000
0.07725000 0.00000000 0.05775000 1.0000
0.07725000 0.00505598 0.05775000 1.0000
0.07636757 0.01516819 0.05775000 1.0000
0.07239668 0.02998764 0.05775000 1.0000
0.06216843 0.04770353 0.05775000 1.0000
0.04770352 0.06216843 0.05775000 1.0000
0.02998768 0.07239668 0.05775000 1.0000
0.01022824 0.07769120 0.05775000 1.0000
-0.01022824 0.07769120 0.05775000 1.0000
-0.02998768 0.07239668 0.05775000 1.0000
-0.04770352 0.06216843 0.05775000 1.0000
-0.06216843 0.04770354 0.05775000 1.0000
-0.07239668 0.02998764 0.05775000 1.0000
-0.07636757 0.01516819 0.05775000 1.0000
-0.07725000 0.00505598 0.05775000 1.0000
-0.07725000 0.00000000 0.05775000 1.0000
0.07725000 0.00000000 0.08085000 1.0000
0.07725000 0.00505598 0.08085000 1.0000
0.07636757 0.01516819 0.08085000 1.0000
0.07239668 0.02998764 0.08085000 1.0000
0.06216843 0.04770353 0.08085000 1.0000
0.04770352 0.06216843 0.08085000 1.0000
0.02998768 0.07239668 0.08085000 1.0000
0.01022824 0.07769120 0.08085000 1.0000
-0.01022824 0.07769120 0.08085000 1.0000
-0.02998768 0.07239668 0.08085000 1.0000
-0.04770352 0.06216843 0.08085000 1.0000
-0.06216843 0.04770354 0.08085000 1.0000
-0.07239668 0.02998764 0.08085000 1.0000
-0.07636757 0.01516819 0.08085000 1.0000
-0.07725000 0.00505598 0.08085000 1.0000
-0.07725000 0.00000000 0.08085000 1.0000
0.07725000 0.00000000 0.10395000 1.0000
0.07725000 0.00505598 0.10395000 1.0000
0.07636757 0.01516819 0.10395000 1.0000
0.07239668 0.02998764 0.10395000 1.0000
0.06216843 0.04770353 0.10395000 1.0000
0.04770352 0.06216843 0.10395000 1.0000
0.02998768 0.07239668 0.10395000 1.0000
0.01022824 0.07769120 0.10395000 1.0000
-0.01022824 0.07769120 0.10395000 1.0000
-0.02998768 0.07239668 0.10395000 1.0000
-0.04770352 0.06216843 0.10395000 1.0000
-0.06216843 0.04770354 0.10395000 1.0000
-0.07239668 0.02998764 0.10395000 1.0000
-0.07636757 0.01516819 0.10395000 1.0000
-0.07725000 0.00505598 0.10395000 1.0000
-0.07725000 0.00000000 0.10395000 1.0000
0.07725000 0.00000000 0.12705000 1.0000
0.07725000 0.00505598 0.12705000 1.0000
0.07636757 0.01516819 0.12705000 1.0000
0.07239668 0.02998764 0.12705000 1.0000
0.06216843 0.04770353 0.12705000 1.0000
0.04770352 0.06216843 0.12705000 1.0000
0.02998768 0.07239668 0.12705000 1.0000
0.01022824 0.07769120 0.12705000 1.0000
-0.01022824 0.07769120 0.12705000 1.0000
-0.02998768 0.07239668 0.12705000 1.0000
-0.04770352 0.06216843 0.12705000 1.0000
-0.06216843 0.04770354 0.12705000 1.0000
-0.07239668 0.02998764 0.12705000 1.0000
-0.07636757 0.01516819 0.12705000 1.0000
-0.07725000 0.00505598 0.12705000 1.0000
-0.07725000 0.00000000 0.12705000 1.0000
0.07725000 0.00000000 0.15015000 1.0000
0.07725000 0.00505598 0.15015000 1.0000
0.07636757 0.01516819 0.15015000 1.0000
0.07239668 0.02998764 0.15015000 1.0000
0.06216843 0.04770353 0.15015000 1.0000
0.04770352 0.06216843 0.15015000 1.0000
0.02998768 0.07239668 0.15015000 1.0000
0.01022824 0.07769120 0.15015000 1.0000
-0.01022824 0.07769120 0.15015000 1.0000
-0.02998768 0.07239668 0.15015000 1.0000
-0.04770352 0.06216843 0.15015000 1.0000
-0.06216843 0.04770354 0.15015000 1.0000
-0.07239668 0.02998764 0.15015000 1.0000
-0.07636757 0.01516819 0.15015000 1.0000
-0.07725000 0.00505598 0.15015000 1.0000
-0.07725000 0.00000000 0.15015000 1.0000
0.07725000 0.00000000 0.17325000 1.0000
0.07725000 0.00505598 0.17325000 1.0000
0.07636757 0.01516819 0.17325000 1.0000
0.07239668 0.02998764 0.17325000 1.0000
0.06216843 0.04770353 0.17325000 1.0000
0.04770352 0.06216843 0.17325000 1.0000
0.02998768 0.07239668 0.17325000 1.0000
0.01022824 0.07769120 0.17325000 1.0000
-0.01022824 0.07769120 0.17325000 1.0000
-0.02998768 0.07239668 0.17325000 1.0000
-0.04770352 0.06216843 0.17325000 1.0000
-0.06216843 0.04770354 0.17325000 1.0000
-0.07239668 0.02998764 0.17325000 1.0000
-0.07636757 0.01516819 0.17325000 1.0000
-0.07725000 0.00505598 0.17325000 1.0000
-0.07725000 0.00000000 0.17325000 1.0000
0.07725000 0.00000000 0.19635000 1.0000
0.07725000 0.00505598 0.19635000 1.0000
0.07636757 0.01516819 0.19635000 1.0000
0.07239668 0.02998764 0.19635000 1.0000
0.06216843 0.04770353 0.19635000 1.0000
0.04770352 0.06216843 0.19635000 1.0000
0.02998768 0.07239668 0.19635000 1.0000
0.01022824 0.07769120 0.19635000 1.0000
-0.01022824 0.07769120 0.19635000 1.0000
-0.02998768 0.07239668 0.19635000 1.0000
-0.04770352 0.06216843 0.19635000 1.0000
-0.06216843 0.04770354 0.19635000 1.0000
-0.07239668 0.02998764 0.19635000 1.0000
-0.07636757 0.01516819 0.19635000 1.0000
-0.07725000 0.00505598 0.19635000 1.0000
-0.07725000 0.00000000 0.19635000 1.0000
0.07725000 0.00000000 0.21367500 1.0000
0.07725000 0.00505598 0.21367500 1.0000
0.07636757 0.01516819 0.21367500 1.0000
0.07239668 0.02998764 0.21367500 1.0000
0.06216843 0.04770353 0.21367500 1.0000
0.04770352 0.06216843 0.21367500 1.0000
0.02998768 0.07239668 0.21367500 1.0000
0.01022824 0.07769120 0.21367500 1.0000
-0.01022824 0.07769120 0.21367500 1.0000
-0.02998768 0.07239668 0.21367500 1.0000
-0.04770352 0.06216843 0.21367500 1.0000
-0.06216843 0.04770354 0.21367500 1.0000
-0.07239668 0.02998764 0.21367500 1.0000
-0.07636757 0.01516819 0.21367500 1.0000
-0.07725000 0.00505598 0.21367500 1.0000
-0.07725000 0.00000000 0.21367500 1.0000
0.07725000 0.00000000 0.22522500 1.0000
0.07725000 0.00505598 0.22522500 1.0000
0.07636757 0.01516819 0.22522500 1.0000
0.07239668 0.02998764 0.22522500 1.0000
0.06216843 0.04770353 0.22522500 1.0000
0.04770352 0.06216843 0.22522500 1.0000
0.02998768 0.07239668 0.22522500 1.0000
0.01022824 0.07769120 0.22522500 1.0000
-0.01022824 0.07769120 0.22522500 1.0000
-0.02998768 0.07239668 0.22522500 1.0000
-0.04770352 0.06216843 0.22522500 1.0000
-0.06216843 0.04770354 0.22522500 1.0000
-0.07239668 0.02998764 0.22522500 1.0000
-0.07636757 0.01516819 0.22522500 1.0000
-0.07725000 0.00505598 0.22522500 1.0000
-0.07725000 0.00000000 0.22522500 1.0000
0.07725000 0.00000000 0.23100000 1.0000
0.07725000 0.00505598 0.23100000 1.0000
0.07636757 0.01516819 0.23100000 1.0000
0.07239668 0.02998764 0.23100000 1.0000
0.06216843 0.04770353 0.23100000 1.0000
0.04770352 0.06216843 0.23100000 1.0000
0.02998768 0.07239668 0.23100000 1.0000
0.01022824 0.07769120 0.23100000 1.0000
-0.01022824 0.07769120 0.23100000 1.0000
-0.02998768 0.07239668 0.23100000 1.0000
-0.04770352 0.06216843 0.23100000 1.0000
-0.06216843 0.04770354 0.23100000 1.0000
-0.07239668 0.02998764 0.23100000 1.0000
-0.07636757 0.01516819 0.23100000 1.0000
-0.07725000 0.00505598 0.23100000 1.0000
-0.07725000 0.00000000 0.23100000 1.0000
