15
0 0.00000000 0.00000000 0.00000000 0.00000000 0.16666667 0.33333333 0.50000000 0.66666667 0.83333333 1.00000000 1.00000000 1.00000000 1.00000000 1
17
0 0.00000000 0.00000000 0.00000000 0.00000000 0.12500000 0.25000000 0.37500000 0.50000000 0.62500000 0.75000000 0.87500000 1.00000000 1.00000000 1.00000000 1.00000000 1
120
-1.00000000 0.00000000 0.00000000 1.0000
-0.99998311 -0.09817098 0.00000000 1.0000
-0.97431391 -0.29454475 0.00000000 1.0000
-0.85864672 -0.57372930 0.00000000 1.0000
-0.57373321 -0.85865338 0.00000000 1.0000
-0.20146405 -1.01283649 0.00000000 1.0000
0.20146610 -1.01283672 0.00000000 1.0000
0.57372384 -0.85864334 0.00000000 1.0000
0.85865570 -0.57373024 0.00000000 1.0000
0.97428895 -0.29453966 0.00000000 1.0000
0.99999708 -0.09817264 0.00000000 1.0000
1.00000000 -0.00000000 0.00000000 1.0000
-1.00000000 0.00000000 0.12500000 1.0000
-0.99998311 -0.09817098 0.12500000 1.0000
-0.97431391 -0.29454475 0.12500000 1.0000
-0.85864672 -0.57372930 0.12500000 1.0000
-0.57373321 -0.85865338 0.12500000 1.0000
-0.20146405 -1.01283649 0.12500000 1.0000
0.20146610 -1.01283672 0.12500000 1.0000
0.57372384 -0.85864334 0.12500000 1.0000
0.85865570 -0.57373024 0.12500000 1.0000
0.97428895 -0.29453966 0.12500000 1.0000
0.99999708 -0.09817264 0.12500000 1.0000
1.00000000 -0.00000000 0.12500000 1.0000
-1.00000000 0.00000000 0.37500000 1.0000
-0.99998311 -0.09817098 0.37500000 1.0000
-0.97431391 -0.29454475 0.37500000 1.0000
-0.85864672 -0.57372930 0.37500000 1.0000
-0.57373321 -0.85865338 0.37500000 1.0000
-0.20146405 -1.01283649 0.37500000 1.0000
0.20146610 -1.01283672 0.37500000 1.0000
0.57372384 -0.85864334 0.37500000 1.0000
0.85865570 -0.57373024 0.37500000 1.0000
0.97428895 -0.29453966 0.37500000 1.0000
0.99999708 -0.09817264 0.37500000 1.0000
1.00000000 -0.00000000 0.37500000 1.0000
-1.00000000 0.00000000 0.75000000 1.0000
-0.99998311 -0.09817098 0.75000000 1.0000
-0.97431391 -0.29454475 0.75000000 1.0000
-0.85864672 -0.57372930 0.75000000 1.0000
-0.57373321 -0.85865338 0.75000000 1.0000
-0.20146405 -1.01283649 0.75000000 1.0000
0.20146610 -1.01283672 0.75000000 1.0000
0.57372384 -0.85864334 0.75000000 1.0000
0.85865570 -0.57373024 0.75000000 1.0000
0.97428895 -0.29453966 0.75000000 1.0000
0.99999708 -0.09817264 0.75000000 1.0000
1.00000000 -0.00000000 0.75000000 1.0000
-1.00000000 0.00000000 1.25000000 1.0000
-0.99998311 -0.09817098 1.25000000 1.0000
-0.97431391 -0.29454475 1.25000000 1.0000
-0.85864672 -0.57372930 1.25000000 1.0000
-0.57373321 -0.85865338 1.25000000 1.0000
-0.20146405 -1.01283649 1.25000000 1.0000
0.20146610 -1.01283672 1.25000000 1.0000
0.57372384 -0.85864334 1.25000000 1.0000
0.85865570 -0.57373024 1.25000000 1.0000
0.97428895 -0.29453966 1.25000000 1.0000
0.99999708 -0.09817264 1.25000000 1.0000
1.00000000 -0.00000000 1.25000000 1.0000
-1.00000000 0.00000000 1.75000000 1.0000
-0.99998311 -0.09817098 1.75000000 1.0000
-0.97431391 -0.29454475 1.75000000 1.0000
-0.85864672 -0.57372930 1.75000000 1.0000
-0.57373321 -0.85865338 1.75000000 1.0000
-0.20146405 -1.01283649 1.75000000 1.0000
0.20146610 -1.01283672 1.75000000 1.0000
0.57372384 -0.85864334 1.75000000 1.0000
0.85865570 -0.57373024 1.75000000 1.0000
0.97428895 -0.29453966 1.75000000 1.0000
0.99999708 -0.09817264 1.75000000 1.0000
1.00000000 -0.00000000 1.75000000 1.0000
-1.00000000 0.00000000 2.25000000 1.0000
-0.99998311 -0.09817098 2.25000000 1.0000
-0.97431391 -0.29454475 2.25000000 1.0000
-0.85864672 -0.57372930 2.25000000 1.0000
-0.57373321 -0.85865338 2.25000000 1.0000
-0.20146405 -1.01283649 2.25000000 1.0000
0.20146610 -1.01283672 2.25000000 1.0000
0.57372384 -0.85864334 2.25000000 1.0000
0.85865570 -0.57373024 2.25000000 1.0000
0.97428895 -0.29453966 2.25000000 1.0000
0.99999708 -0.09817264 2.25000000 1.0000
1.00000000 -0.00000000 2.25000000 1.0000
-1.00000000 0.00000000 2.62500000 1.0000
-0.99998311 -0.09817098 2.62500000 1.0000
-0.97431391 -0.29454475 2.62500000 1.0000
-0.85864672 -0.57372930 2.62500000 1.0000
-0.57373321 -0.85865338 2.62500000 1.0000
-0.20146405 -1.01283649 2.62500000 1.0000
0.20146610 -1.01283672 2.62500000 1.0000
0.57372384 -0.85864334 2.62500000 1.0000
0.85865570 -0.57373024 2.62500000 1.0000
0.97428895 -0.29453966 2.62500000 1.0000
0.99999708 -0.09817264 2.62500000 1.0000
1.00000000 -0.00000000 2.62500000 1.0000
-1.00000000 0.00000000 2.87500000 1.0000
-0.99998311 -0.09817098 2.87500000 1.0000
-0.97431391 -0.29454475 2.87500000 1.0000
-0.85864672 -0.57372930 2.87500000 1.0000
-0.57373321 -0.85865338 2.87500000 1.0000
-0.20146405 -1.01283649 2.87500000 1.0000
0.20146610 -1.01283672 2.87500000 1.0000
0.57372384 -0.85864334 2.87500000 1.0000
0.85865570 -0.57373024 2.87500000 1.0000
0.97428895 -0.29453966 2.87500000 1.0000
0.99999708 -0.09817264 2.87500000 1.0000
1.00000000 -0.00000000 2.87500000 1.0000
-1.00000000 0.00000000 3.00000000 1.0000
-0.99998311 -0.09817098 3.00000000 1.0000
-0.97431391 -0.29454475 3.00000000 1.0000
-0.85864672 -0.57372930 3.00000000 1.0000
-0.57373321 -0.85865338 3.00000000 1.0000
-0.20146405 -1.01283649 3.00000000 1.0000
0.20146610 -1.01283672 3.00000000 1.0000
0.57372384 -0.85864334 3.00000000 1.0000
0.85865570 -0.57373024 3.00000000 1.0000
0.97428895 -0.29453966 3.00000000 1.0000
0.99999708 -0.09817264 3.00000000 1.0000
1.00000000 -0.00000000 3.00000000 1.0000
