15
0 0.000000000000 0.000000000000 0.000000000000 0.000000000000 0.000000000000 0.250000000000 0.500000000000 0.750000000000 1.000000000000 1.000000000000 1.000000000000 1.000000000000 1.000000000000 1
13
0 0.000000000000 0.000000000000 0.000000000000 0.000000000000 0.000000000000 0.500000000000 1.000000000000 1.000000000000 1.000000000000 1.000000000000 1.000000000000 1
63
1.000000000000 0.000000000000 0.000000000000 1.000000000000
1.000000000000 0.000000000000 0.100000000000 1.000000000000
1.000000000000 0.000000000000 0.300000000000 1.000000000000
1.000000000000 0.000000000000 0.500000000000 1.000000000000
1.000000000000 0.000000000000 0.700000000000 1.000000000000
1.000000000000 0.000000000000 0.900000000000 1.000000000000
1.000000000000 0.000000000000 1.000000000000 1.000000000000
0.999999580832 0.157088460769 0.000000000000 1.000000000000
0.999999580832 0.157088460769 0.100000000000 1.000000000000
0.999999580832 0.157088460769 0.300000000000 1.000000000000
0.999999580832 0.157088460769 0.500000000000 1.000000000000
0.999999580832 0.157088460769 0.700000000000 1.000000000000
0.999999580832 0.157088460769 0.900000000000 1.000000000000
0.999999580832 0.157088460769 1.000000000000 1.000000000000
0.938329100037 0.471197439888 0.000000000000 1.000000000000
0.938329100037 0.471197439888 0.100000000000 1.000000000000
0.938329100037 0.471197439888 0.300000000000 1.000000000000
0.938329100037 0.471197439888 0.500000000000 1.000000000000
0.938329100037 0.471197439888 0.700000000000 1.000000000000
0.938329100037 0.471197439888 0.900000000000 1.000000000000
0.938329100037 0.471197439888 1.000000000000 1.000000000000
0.660494318656 0.894110363399 0.000000000000 1.000000000000
0.660494318656 0.894110363399 0.100000000000 1.000000000000
0.660494318656 0.894110363399 0.300000000000 1.000000000000
0.660494318656 0.894110363399 0.500000000000 1.000000000000
0.660494318656 0.894110363399 0.700000000000 1.000000000000
0.660494318656 0.894110363399 0.900000000000 1.000000000000
0.660494318656 0.894110363399 1.000000000000 1.000000000000
0.000000005376 1.167604785483 0.000000000000 1.000000000000
0.000000005376 1.167604785483 0.100000000000 1.000000000000
0.000000005376 1.167604785483 0.300000000000 1.000000000000
0.000000005376 1.167604785483 0.500000000000 1.000000000000
0.000000005376 1.167604785483 0.700000000000 1.000000000000
0.000000005376 1.167604785483 0.900000000000 1.000000000000
0.000000005376 1.167604785483 1.000000000000 1.000000000000
-0.660494327178 0.894110371930 0.000000000000 1.000000000000
-0.660494327178 0.894110371930 0.100000000000 1.000000000000
-0.660494327178 0.894110371930 0.300000000000 1.000000000000
-0.660494327178 0.894110371930 0.500000000000 1.000000000000
-0.660494327178 0.894110371930 0.700000000000 1.000000000000
-0.660494327178 0.894110371930 0.900000000000 1.000000000000
-0.660494327178 0.894110371930 1.000000000000 1.000000000000
-0.938329109766 0.471197413911 0.000000000000 1.000000000000
-0.938329109766 0.471197413911 0.100000000000 1.000000000000
-0.938329109766 0.471197413911 0.300000000000 1.000000000000
-0.938329109766 0.471197413911 0.500000000000 1.000000000000
-0.938329109766 0.471197413911 0.700000000000 1.000000000000
-0.938329109766 0.471197413911 0.900000000000 1.000000000000
-0.938329109766 0.471197413911 1.000000000000 1.000000000000
-0.999999578909 0.157088462533 0.000000000000 1.000000000000
-0.999999578909 0.157088462533 0.100000000000 1.000000000000
-0.999999578909 0.157088462533 0.300000000000 1.000000000000
-0.999999578909 0.157088462533 0.500000000000 1.000000000000
-0.999999578909 0.157088462533 0.700000000000 1.000000000000
-0.999999578909 0.157088462533 0.900000000000 1.000000000000
-0.999999578909 0.157088462533 1.000000000000 1.000000000000
-1.000000000000 0.000000000000 0.000000000000 1.000000000000
-1.000000000000 0.000000000000 0.100000000000 1.000000000000
-1.000000000000 0.000000000000 0.300000000000 1.000000000000
-1.000000000000 0.000000000000 0.500000000000 1.000000000000
-1.000000000000 0.000000000000 0.700000000000 1.000000000000
-1.000000000000 0.000000000000 0.900000000000 1.000000000000
-1.000000000000 0.000000000000 1.000000000000 1.000000000000
