17
0 0.00000000 0.00000000 0.00000000 0.00000000 0.12500000 0.25000000 0.37500000 0.50000000 0.62500000 0.75000000 0.87500000 1.00000000 1.00000000 1.00000000 1.00000000 1
11
0 0.00000000 0.00000000 0.00000000 0.00000000 0.50000000 1.00000000 1.00000000 1.00000000 1.00000000 1
72
1.00000000 0.00000000 0.00000000 1.0000
1.00000000 0.00000000 0.12500000 1.0000
1.00000000 0.00000000 0.37500000 1.0000
1.00000000 0.00000000 0.62500000 1.0000
1.00000000 0.00000000 0.87500000 1.0000
1.00000000 0.00000000 1.00000000 1.0000
1.00003803 0.09817578 0.00000000 1.0000
1.00003803 0.09817578 0.12500000 1.0000
1.00003803 0.09817578 0.37500000 1.0000
1.00003803 0.09817578 0.62500000 1.0000
1.00003803 0.09817578 0.87500000 1.0000
1.00003803 0.09817578 1.00000000 1.0000
0.97412673 0.29449742 0.00000000 1.0000
0.97412673 0.29449742 0.12500000 1.0000
0.97412673 0.29449742 0.37500000 1.0000
0.97412673 0.29449742 0.62500000 1.0000
0.97412673 0.29449742 0.87500000 1.0000
0.97412673 0.29449742 1.00000000 1.0000
0.85867791 0.57367237 0.00000000 1.0000
0.85867791 0.57367237 0.12500000 1.0000
0.85867791 0.57367237 0.37500000 1.0000
0.85867791 0.57367237 0.62500000 1.0000
0.85867791 0.57367237 0.87500000 1.0000
0.85867791 0.57367237 1.00000000 1.0000
0.57369835 0.85862171 0.00000000 1.0000
0.57369835 0.85862171 0.12500000 1.0000
0.57369835 0.85862171 0.37500000 1.0000
0.57369835 0.85862171 0.62500000 1.0000
0.57369835 0.85862171 0.87500000 1.0000
0.57369835 0.85862171 1.00000000 1.0000
0.20147780 1.01272163 0.00000000 1.0000
0.20147780 1.01272163 0.12500000 1.0000
0.20147780 1.01272163 0.37500000 1.0000
0.20147780 1.01272163 0.62500000 1.0000
0.20147780 1.01272163 0.87500000 1.0000
0.20147780 1.01272163 1.00000000 1.0000
-0.20147783 1.01272162 0.00000000 1.0000
-0.20147783 1.01272162 0.12500000 1.0000
-0.20147783 1.01272162 0.37500000 1.0000
-0.20147783 1.01272162 0.62500000 1.0000
-0.20147783 1.01272162 0.87500000 1.0000
-0.20147783 1.01272162 1.00000000 1.0000
-0.57369832 0.85862174 0.00000000 1.0000
-0.57369832 0.85862174 0.12500000 1.0000
-0.57369832 0.85862174 0.37500000 1.0000
-0.57369832 0.85862174 0.62500000 1.0000
-0.57369832 0.85862174 0.87500000 1.0000
-0.57369832 0.85862174 1.00000000 1.0000
-0.85867791 0.57367236 0.00000000 1.0000
-0.85867791 0.57367236 0.12500000 1.0000
-0.85867791 0.57367236 0.37500000 1.0000
-0.85867791 0.57367236 0.62500000 1.0000
-0.85867791 0.57367236 0.87500000 1.0000
-0.85867791 0.57367236 1.00000000 1.0000
-0.97412672 0.29449747 0.00000000 1.0000
-0.97412672 0.29449747 0.12500000 1.0000
-0.97412672 0.29449747 0.37500000 1.0000
-0.97412672 0.29449747 0.62500000 1.0000
-0.97412672 0.29449747 0.87500000 1.0000
-0.97412672 0.29449747 1.00000000 1.0000
-1.00003803 0.09817577 0.00000000 1.0000
-1.00003803 0.09817577 0.12500000 1.0000
-1.00003803 0.09817577 0.37500000 1.0000
-1.00003803 0.09817577 0.62500000 1.0000
-1.00003803 0.09817577 0.87500000 1.0000
-1.00003803 0.09817577 1.00000000 1.0000
-1.00000000 0.00000000 0.00000000 1.0000
-1.00000000 0.00000000 0.12500000 1.0000
-1.00000000 0.00000000 0.37500000 1.0000
-1.00000000 0.00000000 0.62500000 1.0000
-1.00000000 0.00000000 0.87500000 1.0000
-1.00000000 0.00000000 1.00000000 1.0000
