13
0.0 0.00000000 0.00000000 0.00000000 0.00000000 1.00000000 2.00000000 3.00000000 4.00000000 4.00000000 4.00000000 4.00000000 4.0
11
0.0 0.00000000 0.00000000 0.00000000 0.00000000 1.00000000 2.00000000 2.00000000 2.00000000 2.00000000 2.0
48
1.00000000 0.00000000 0.00000000 1.0000
1.00000000 0.00000000 0.25000000 1.0000
1.00000000 0.00000000 0.75000000 1.0000
1.00000000 0.00000000 1.25000000 1.0000
1.00000000 0.00000000 1.75000000 1.0000
1.00000000 0.00000000 2.00000000 1.0000
0.99998535 0.19625805 0.00000000 1.0000
0.99998535 0.19625805 0.25000000 1.0000
0.99998535 0.19625805 0.75000000 1.0000
0.99998535 0.19625805 1.25000000 1.0000
0.99998535 0.19625805 1.75000000 1.0000
0.99998535 0.19625805 2.00000000 1.0000
0.89720775 0.58970946 0.00000000 1.0000
0.89720775 0.58970946 0.25000000 1.0000
0.89720775 0.58970946 0.75000000 1.0000
0.89720775 0.58970946 1.25000000 1.0000
0.89720775 0.58970946 1.75000000 1.0000
0.89720775 0.58970946 2.00000000 1.0000
0.43548845 1.05111656 0.00000000 1.0000
0.43548845 1.05111656 0.25000000 1.0000
0.43548845 1.05111656 0.75000000 1.0000
0.43548845 1.05111656 1.25000000 1.0000
0.43548845 1.05111656 1.75000000 1.0000
0.43548845 1.05111656 2.00000000 1.0000
-0.43548845 1.05111655 0.00000000 1.0000
-0.43548845 1.05111655 0.25000000 1.0000
-0.43548845 1.05111655 0.75000000 1.0000
-0.43548845 1.05111655 1.25000000 1.0000
-0.43548845 1.05111655 1.75000000 1.0000
-0.43548845 1.05111655 2.00000000 1.0000
-0.89720775 0.58970947 0.00000000 1.0000
-0.89720775 0.58970947 0.25000000 1.0000
-0.89720775 0.58970947 0.75000000 1.0000
-0.89720775 0.58970947 1.25000000 1.0000
-0.89720775 0.58970947 1.75000000 1.0000
-0.89720775 0.58970947 2.00000000 1.0000
-0.99998535 0.19625803 0.00000000 1.0000
-0.99998535 0.19625803 0.25000000 1.0000
-0.99998535 0.19625803 0.75000000 1.0000
-0.99998535 0.19625803 1.25000000 1.0000
-0.99998535 0.19625803 1.75000000 1.0000
-0.99998535 0.19625803 2.00000000 1.0000
-1.00000000 0.00000000 0.00000000 1.0000
-1.00000000 0.00000000 0.25000000 1.0000
-1.00000000 0.00000000 0.75000000 1.0000
-1.00000000 0.00000000 1.25000000 1.0000
-1.00000000 0.00000000 1.75000000 1.0000
-1.00000000 0.00000000 2.00000000 1.0000
