11
0 0.00000000 0.00000000 0.00000000 0.00000000 0.50000000 1.00000000 1.00000000 1.00000000 1.00000000 1
12
0 0.00000000 0.00000000 0.00000000 0.00000000 0.33333333 0.66666667 1.00000000 1.00000000 1.00000000 1.00000000 1
42
0.00000000 0.00000000 0.00000000 1.0000
0.08699793 0.00000000 0.00000000 1.0000
0.25566322 0.00000000 0.00000000 1.0000
0.50003662 0.00000000 0.00000000 1.0000
0.74427423 0.00000000 0.00000000 1.0000
0.91301861 0.00000000 0.00000000 1.0000
1.00000000 0.00000000 0.00000000 1.0000
0.04040291 0.04040291 0.00000000 1.0000
0.11953735 0.03739193 0.00000000 1.0000
0.27408318 0.03262520 0.00000000 1.0000
0.50002743 0.02953210 0.00000000 1.0000
0.72586982 0.03262602 0.00000000 1.0000
0.88047505 0.03739186 0.00000000 1.0000
0.95959709 0.04040291 0.00000000 1.0000
0.12120874 0.12120874 0.00000000 1.0000
0.18461619 0.11217579 0.00000000 1.0000
0.31092312 0.09787559 0.00000000 1.0000
0.50000906 0.08859629 0.00000000 1.0000
0.68906100 0.09787807 0.00000000 1.0000
0.81538793 0.11217558 0.00000000 1.0000
0.87879126 0.12120874 0.00000000 1.0000
0.20201457 0.20201457 0.00000000 1.0000
0.24969503 0.18695965 0.00000000 1.0000
0.34776305 0.16312599 0.00000000 1.0000
0.49999068 0.14766049 0.00000000 1.0000
0.65225218 0.16313012 0.00000000 1.0000
0.75030080 0.18695931 0.00000000 1.0000
0.79798543 0.20201457 0.00000000 1.0000
0.28282039 0.28282039 0.00000000 1.0000
0.31477388 0.26174352 0.00000000 1.0000
0.38460298 0.22837638 0.00000000 1.0000
0.49997230 0.20672469 0.00000000 1.0000
0.61544336 0.22838217 0.00000000 1.0000
0.68521368 0.26174303 0.00000000 1.0000
0.71717961 0.28282039 0.00000000 1.0000
0.32322330 0.32322330 0.00000000 1.0000
0.34731330 0.29913545 0.00000000 1.0000
0.40302295 0.26100158 0.00000000 1.0000
0.49996311 0.23625678 0.00000000 1.0000
0.59703895 0.26100820 0.00000000 1.0000
0.65267012 0.29913489 0.00000000 1.0000
0.67677670 0.32322330 0.00000000 1.0000
