11
0 0.00000000 0.00000000 0.00000000 0.00000000 0.50000000 1.00000000 1.00000000 1.00000000 1.00000000 1
12
0 0.00000000 0.00000000 0.00000000 0.00000000 0.33333333 0.66666667 1.00000000 1.00000000 1.00000000 1.00000000 1
42
1.00000000 1.00000000 0.00000000 1.0000
0.91301861 1.00000000 0.00000000 1.0000
0.74427423 1.00000000 0.00000000 1.0000
0.50003662 1.00000000 0.00000000 1.0000
0.25566322 1.00000000 0.00000000 1.0000
0.08699793 1.00000000 0.00000000 1.0000
0.00000000 1.00000000 0.00000000 1.0000
0.95959709 0.95959709 0.00000000 1.0000
0.88047505 0.96260814 0.00000000 1.0000
0.72586982 0.96737398 0.00000000 1.0000
0.50002743 0.97046790 0.00000000 1.0000
0.27408318 0.96737480 0.00000000 1.0000
0.11953735 0.96260807 0.00000000 1.0000
0.04040291 0.95959709 0.00000000 1.0000
0.87879126 0.87879126 0.00000000 1.0000
0.81538793 0.88782442 0.00000000 1.0000
0.68906100 0.90212193 0.00000000 1.0000
0.50000906 0.91140371 0.00000000 1.0000
0.31092312 0.90212441 0.00000000 1.0000
0.18461619 0.88782421 0.00000000 1.0000
0.12120874 0.87879126 0.00000000 1.0000
0.79798543 0.79798543 0.00000000 1.0000
0.75030080 0.81304069 0.00000000 1.0000
0.65225218 0.83686988 0.00000000 1.0000
0.49999068 0.85233951 0.00000000 1.0000
0.34776305 0.83687401 0.00000000 1.0000
0.24969503 0.81304035 0.00000000 1.0000
0.20201457 0.79798543 0.00000000 1.0000
0.71717961 0.71717961 0.00000000 1.0000
0.68521368 0.73825697 0.00000000 1.0000
0.61544336 0.77161783 0.00000000 1.0000
0.49997230 0.79327531 0.00000000 1.0000
0.38460298 0.77162362 0.00000000 1.0000
0.31477388 0.73825648 0.00000000 1.0000
0.28282039 0.71717961 0.00000000 1.0000
0.67677670 0.67677670 0.00000000 1.0000
0.65267012 0.70086511 0.00000000 1.0000
0.59703895 0.73899180 0.00000000 1.0000
0.49996311 0.76374322 0.00000000 1.0000
0.40302295 0.73899842 0.00000000 1.0000
0.34731330 0.70086455 0.00000000 1.0000
0.32322330 0.67677670 0.00000000 1.0000
