13
0 0.00000000 0.00000000 0.00000000 0.00000000 0.25000000 0.50000000 0.75000000 1.00000000 1.00000000 1.00000000 1.00000000 1
15
0 0.00000000 0.00000000 0.00000000 0.00000000 0.16666667 0.33333333 0.50000000 0.66666667 0.83333333 1.00000000 1.00000000 1.00000000 1.00000000 1
80
0.00000000 0.00000000 0.00000000 1.0000
0.04166667 0.00000000 0.00000000 1.0000
0.12500000 0.00000000 0.00000000 1.0000
0.25000000 0.00000000 0.00000000 1.0000
0.41666667 0.00000000 0.00000000 1.0000
0.58333333 0.00000000 0.00000000 1.0000
0.75000000 0.00000000 0.00000000 1.0000
0.87500000 0.00000000 0.00000000 1.0000
0.95833333 0.00000000 0.00000000 1.0000
1.00000000 0.00000000 0.00000000 1.0000
0.00000000 0.06250000 0.00000000 1.0000
0.04166667 0.06250000 0.00000000 1.0000
0.12500000 0.06250000 0.00000000 1.0000
0.25000000 0.06250000 0.00000000 1.0000
0.41666667 0.06250000 0.00000000 1.0000
0.58333333 0.06250000 0.00000000 1.0000
0.75000000 0.06250000 0.00000000 1.0000
0.87500000 0.06250000 0.00000000 1.0000
0.95833333 0.06250000 0.00000000 1.0000
1.00000000 0.06250000 0.00000000 1.0000
0.00000000 0.18750000 0.00000000 1.0000
0.04166667 0.18750000 0.00000000 1.0000
0.12500000 0.18750000 0.00000000 1.0000
0.25000000 0.18750000 0.00000000 1.0000
0.41666667 0.18750000 0.00000000 1.0000
0.58333333 0.18750000 0.00000000 1.0000
0.75000000 0.18750000 0.00000000 1.0000
0.87500000 0.18750000 0.00000000 1.0000
0.95833333 0.18750000 0.00000000 1.0000
1.00000000 0.18750000 0.00000000 1.0000
0.00000000 0.37500000 0.00000000 1.0000
0.04166667 0.37500000 0.00000000 1.0000
0.12500000 0.37500000 0.00000000 1.0000
0.25000000 0.37500000 0.00000000 1.0000
0.41666667 0.37500000 0.00000000 1.0000
0.58333333 0.37500000 0.00000000 1.0000
0.75000000 0.37500000 0.00000000 1.0000
0.87500000 0.37500000 0.00000000 1.0000
0.95833333 0.37500000 0.00000000 1.0000
1.00000000 0.37500000 0.00000000 1.0000
0.00000000 0.62500000 0.00000000 1.0000
0.04166667 0.62500000 0.00000000 1.0000
0.12500000 0.62500000 0.00000000 1.0000
0.25000000 0.62500000 0.00000000 1.0000
0.41666667 0.62500000 0.00000000 1.0000
0.58333333 0.62500000 0.00000000 1.0000
0.75000000 0.62500000 0.00000000 1.0000
0.87500000 0.62500000 0.00000000 1.0000
0.95833333 0.62500000 0.00000000 1.0000
1.00000000 0.62500000 0.00000000 1.0000
0.00000000 0.81250000 0.00000000 1.0000
0.04166667 0.81250000 0.00000000 1.0000
0.12500000 0.81250000 0.00000000 1.0000
0.25000000 0.81250000 0.00000000 1.0000
0.41666667 0.81250000 0.00000000 1.0000
0.58333333 0.81250000 0.00000000 1.0000
0.75000000 0.81250000 0.00000000 1.0000
0.87500000 0.81250000 0.00000000 1.0000
0.95833333 0.81250000 0.00000000 1.0000
1.00000000 0.81250000 0.00000000 1.0000
0.00000000 0.93750000 0.00000000 1.0000
0.04166667 0.93750000 0.00000000 1.0000
0.12500000 0.93750000 0.00000000 1.0000
0.25000000 0.93750000 0.00000000 1.0000
0.41666667 0.93750000 0.00000000 1.0000
0.58333333 0.93750000 0.00000000 1.0000
0.75000000 0.93750000 0.00000000 1.0000
0.87500000 0.93750000 0.00000000 1.0000
0.95833333 0.93750000 0.00000000 1.0000
1.00000000 0.93750000 0.00000000 1.0000
0.00000000 1.00000000 0.00000000 1.0000
0.04166667 1.00000000 0.00000000 1.0000
0.12500000 1.00000000 0.00000000 1.0000
0.25000000 1.00000000 0.00000000 1.0000
0.41666667 1.00000000 0.00000000 1.0000
0.58333333 1.00000000 0.00000000 1.0000
0.75000000 1.00000000 0.00000000 1.0000
0.87500000 1.00000000 0.00000000 1.0000
0.95833333 1.00000000 0.00000000 1.0000
1.00000000 1.00000000 0.00000000 1.0000
