11
0 0.00000000 0.00000000 0.00000000 0.00000000 0.50000000 1.00000000 1.00000000 1.00000000 1.00000000 1
12
0 0.00000000 0.00000000 0.00000000 0.00000000 0.33333333 0.66666667 1.00000000 1.00000000 1.00000000 1.00000000 1
42
0.00000000 1.00000000 0.00000000 1.0000
0.00000000 0.91293270 0.00000000 1.0000
0.00000000 0.74437524 0.00000000 1.0000
0.00000000 0.50000665 0.00000000 1.0000
0.00000000 0.25562591 0.00000000 1.0000
0.00000000 0.08706851 0.00000000 1.0000
0.00000000 0.00000000 0.00000000 1.0000
0.04040291 0.95959709 0.00000000 1.0000
0.03740521 0.88040842 0.00000000 1.0000
0.03261174 0.72594673 0.00000000 1.0000
0.02954677 0.50000498 0.00000000 1.0000
0.03261198 0.27405417 0.00000000 1.0000
0.03740532 0.11959251 0.00000000 1.0000
0.04040291 0.04040291 0.00000000 1.0000
0.12120874 0.87879126 0.00000000 1.0000
0.11221564 0.81535987 0.00000000 1.0000
0.09783523 0.68908971 0.00000000 1.0000
0.08864032 0.50000166 0.00000000 1.0000
0.09783595 0.31091069 0.00000000 1.0000
0.11221595 0.18464050 0.00000000 1.0000
0.12120874 0.12120874 0.00000000 1.0000
0.20201457 0.79798543 0.00000000 1.0000
0.18702607 0.75031132 0.00000000 1.0000
0.16305872 0.65223269 0.00000000 1.0000
0.14773387 0.49999834 0.00000000 1.0000
0.16305992 0.34776721 0.00000000 1.0000
0.18702658 0.24968850 0.00000000 1.0000
0.20201457 0.20201457 0.00000000 1.0000
0.28282039 0.71717961 0.00000000 1.0000
0.26183650 0.68526277 0.00000000 1.0000
0.22828221 0.61537567 0.00000000 1.0000
0.20682742 0.49999502 0.00000000 1.0000
0.22828388 0.38462372 0.00000000 1.0000
0.26183721 0.31473650 0.00000000 1.0000
0.28282039 0.28282039 0.00000000 1.0000
0.32322330 0.67677670 0.00000000 1.0000
0.29924171 0.65273849 0.00000000 1.0000
0.26089395 0.59694716 0.00000000 1.0000
0.23637420 0.49999336 0.00000000 1.0000
0.26089587 0.40305198 0.00000000 1.0000
0.29924253 0.34726050 0.00000000 1.0000
0.32322330 0.32322330 0.00000000 1.0000
