17
0 0.00000000 0.00000000 0.00000000 0.00000000 0.00000000 0.16666667 0.33333333 0.50000000 0.66666667 0.83333333 1.00000000 1.00000000 1.00000000 1.00000000 1.00000000 1
21
0 0.00000000 0.00000000 0.00000000 0.00000000 0.00000000 0.10000000 0.20000000 0.30000000 0.40000000 0.50000000 0.60000000 0.70000000 0.80000000 0.90000000 1.00000000 1.00000000 1.00000000 1.00000000 1.00000000 1
165
0.00000000 4.00000000 0.00000000 1.0000
0.20000000 4.00000000 0.00000000 1.0000
0.60000000 4.00000000 0.00000000 1.0000
1.20000000 4.00000000 0.00000000 1.0000
2.00000000 4.00000000 0.00000000 1.0000
3.00000000 4.00000000 0.00000000 1.0000
4.00000000 4.00000000 0.00000000 1.0000
5.00000000 4.00000000 0.00000000 1.0000
6.00000000 4.00000000 0.00000000 1.0000
7.00000000 4.00000000 0.00000000 1.0000
8.00000000 4.00000000 0.00000000 1.0000
8.80000000 4.00000000 0.00000000 1.0000
9.40000000 4.00000000 0.00000000 1.0000
9.80000000 4.00000000 0.00000000 1.0000
10.00000000 4.00000000 0.00000000 1.0000
0.00000000 4.20000000 0.00000000 1.0000
0.20000000 4.20000000 0.00000000 1.0000
0.60000000 4.20000000 0.00000000 1.0000
1.20000000 4.20000000 0.00000000 1.0000
2.00000000 4.20000000 0.00000000 1.0000
3.00000000 4.20000000 0.00000000 1.0000
4.00000000 4.20000000 0.00000000 1.0000
5.00000000 4.20000000 0.00000000 1.0000
6.00000000 4.20000000 0.00000000 1.0000
7.00000000 4.20000000 0.00000000 1.0000
8.00000000 4.20000000 0.00000000 1.0000
8.80000000 4.20000000 0.00000000 1.0000
9.40000000 4.20000000 0.00000000 1.0000
9.80000000 4.20000000 0.00000000 1.0000
10.00000000 4.20000000 0.00000000 1.0000
0.00000000 4.60000000 0.00000000 1.0000
0.20000000 4.60000000 0.00000000 1.0000
0.60000000 4.60000000 0.00000000 1.0000
1.20000000 4.60000000 0.00000000 1.0000
2.00000000 4.60000000 0.00000000 1.0000
3.00000000 4.60000000 0.00000000 1.0000
4.00000000 4.60000000 0.00000000 1.0000
5.00000000 4.60000000 0.00000000 1.0000
6.00000000 4.60000000 0.00000000 1.0000
7.00000000 4.60000000 0.00000000 1.0000
8.00000000 4.60000000 0.00000000 1.0000
8.80000000 4.60000000 0.00000000 1.0000
9.40000000 4.60000000 0.00000000 1.0000
9.80000000 4.60000000 0.00000000 1.0000
10.00000000 4.60000000 0.00000000 1.0000
0.00000000 5.20000000 0.00000000 1.0000
0.20000000 5.20000000 0.00000000 1.0000
0.60000000 5.20000000 0.00000000 1.0000
1.20000000 5.20000000 0.00000000 1.0000
2.00000000 5.20000000 0.00000000 1.0000
3.00000000 5.20000000 0.00000000 1.0000
4.00000000 5.20000000 0.00000000 1.0000
5.00000000 5.20000000 0.00000000 1.0000
6.00000000 5.20000000 0.00000000 1.0000
7.00000000 5.20000000 0.00000000 1.0000
8.00000000 5.20000000 0.00000000 1.0000
8.80000000 5.20000000 0.00000000 1.0000
9.40000000 5.20000000 0.00000000 1.0000
9.80000000 5.20000000 0.00000000 1.0000
10.00000000 5.20000000 0.00000000 1.0000
0.00000000 6.00000000 0.00000000 1.0000
0.20000000 6.00000000 0.00000000 1.0000
0.60000000 6.00000000 0.00000000 1.0000
1.20000000 6.00000000 0.00000000 1.0000
2.00000000 6.00000000 0.00000000 1.0000
3.00000000 6.00000000 0.00000000 1.0000
4.00000000 6.00000000 0.00000000 1.0000
5.00000000 6.00000000 0.00000000 1.0000
6.00000000 6.00000000 0.00000000 1.0000
7.00000000 6.00000000 0.00000000 1.0000
8.00000000 6.00000000 0.00000000 1.0000
8.80000000 6.00000000 0.00000000 1.0000
9.40000000 6.00000000 0.00000000 1.0000
9.80000000 6.00000000 0.00000000 1.0000
10.00000000 6.00000000 0.00000000 1.0000
0.00000000 7.00000000 0.00000000 1.0000
0.20000000 7.00000000 0.00000000 1.0000
0.60000000 7.00000000 0.00000000 1.0000
1.20000000 7.00000000 0.00000000 1.0000
2.00000000 7.00000000 0.00000000 1.0000
3.00000000 7.00000000 0.00000000 1.0000
4.00000000 7.00000000 0.00000000 1.0000
5.00000000 7.00000000 0.00000000 1.0000
6.00000000 7.00000000 0.00000000 1.0000
7.00000000 7.00000000 0.00000000 1.0000
8.00000000 7.00000000 0.00000000 1.0000
8.80000000 7.00000000 0.00000000 1.0000
9.40000000 7.00000000 0.00000000 1.0000
9.80000000 7.00000000 0.00000000 1.0000
10.00000000 7.00000000 0.00000000 1.0000
0.00000000 8.00000000 0.00000000 1.0000
0.20000000 8.00000000 0.00000000 1.0000
0.60000000 8.00000000 0.00000000 1.0000
1.20000000 8.00000000 0.00000000 1.0000
2.00000000 8.00000000 0.00000000 1.0000
3.00000000 8.00000000 0.00000000 1.0000
4.00000000 8.00000000 0.00000000 1.0000
5.00000000 8.00000000 0.00000000 1.0000
6.00000000 8.00000000 0.00000000 1.0000
7.00000000 8.00000000 0.00000000 1.0000
8.00000000 8.00000000 0.00000000 1.0000
8.80000000 8.00000000 0.00000000 1.0000
9.40000000 8.00000000 0.00000000 1.0000
9.80000000 8.00000000 0.00000000 1.0000
10.00000000 8.00000000 0.00000000 1.0000
0.00000000 8.80000000 0.00000000 1.0000
0.20000000 8.80000000 0.00000000 1.0000
0.60000000 8.80000000 0.00000000 1.0000
1.20000000 8.80000000 0.00000000 1.0000
2.00000000 8.80000000 0.00000000 1.0000
3.00000000 8.80000000 0.00000000 1.0000
4.00000000 8.80000000 0.00000000 1.0000
5.00000000 8.80000000 0.00000000 1.0000
6.00000000 8.80000000 0.00000000 1.0000
7.00000000 8.80000000 0.00000000 1.0000
8.00000000 8.80000000 0.00000000 1.0000
8.80000000 8.80000000 0.00000000 1.0000
9.40000000 8.80000000 0.00000000 1.0000
9.80000000 8.80000000 0.00000000 1.0000
10.00000000 8.80000000 0.00000000 1.0000
0.00000000 9.40000000 0.00000000 1.0000
0.20000000 9.40000000 0.00000000 1.0000
0.60000000 9.40000000 0.00000000 1.0000
1.20000000 9.40000000 0.00000000 1.0000
2.00000000 9.40000000 0.00000000 1.0000
3.00000000 9.40000000 0.00000000 1.0000
4.00000000 9.40000000 0.00000000 1.0000
5.00000000 9.40000000 0.00000000 1.0000
6.00000000 9.40000000 0.00000000 1.0000
7.00000000 9.40000000 0.00000000 1.0000
8.00000000 9.40000000 0.00000000 1.0000
8.80000000 9.40000000 0.00000000 1.0000
9.40000000 9.40000000 0.00000000 1.0000
9.80000000 9.40000000 0.00000000 1.0000
10.00000000 9.40000000 0.00000000 1.0000
0.00000000 9.80000000 0.00000000 1.0000
0.20000000 9.80000000 0.00000000 1.0000
0.60000000 9.80000000 0.00000000 1.0000
1.20000000 9.80000000 0.00000000 1.0000
2.00000000 9.80000000 0.00000000 1.0000
3.00000000 9.80000000 0.00000000 1.0000
4.00000000 9.80000000 0.00000000 1.0000
5.00000000 9.80000000 0.00000000 1.0000
6.00000000 9.80000000 0.00000000 1.0000
7.00000000 9.80000000 0.00000000 1.0000
8.00000000 9.80000000 0.00000000 1.0000
8.80000000 9.80000000 0.00000000 1.0000
9.40000000 9.80000000 0.00000000 1.0000
9.80000000 9.80000000 0.00000000 1.0000
10.00000000 9.80000000 0.00000000 1.0000
0.00000000 10.00000000 0.00000000 1.0000
0.20000000 10.00000000 0.00000000 1.0000
0.60000000 10.00000000 0.00000000 1.0000
1.20000000 10.00000000 0.00000000 1.0000
2.00000000 10.00000000 0.00000000 1.0000
3.00000000 10.00000000 0.00000000 1.0000
4.00000000 10.00000000 0.00000000 1.0000
5.00000000 10.00000000 0.00000000 1.0000
6.00000000 10.00000000 0.00000000 1.0000
7.00000000 10.00000000 0.00000000 1.0000
8.00000000 10.00000000 0.00000000 1.0000
8.80000000 10.00000000 0.00000000 1.0000
9.40000000 10.00000000 0.00000000 1.0000
9.80000000 10.00000000 0.00000000 1.0000
10.00000000 10.00000000 0.00000000 1.0000
