13
0 0.00000000 0.00000000 0.00000000 0.00000000 0.25000000 0.50000000 0.75000000 1.00000000 1.00000000 1.00000000 1.00000000 1
13
0 0.00000000 0.00000000 0.00000000 0.00000000 0.25000000 0.50000000 0.75000000 1.00000000 1.00000000 1.00000000 1.00000000 1
64
0.00000000 0.00000000 0.00000000 1.0000
0.06250000 0.00000000 0.00000000 1.0000
0.18750000 0.00000000 0.00000000 1.0000
0.37500000 0.00000000 0.00000000 1.0000
0.62500000 0.00000000 0.00000000 1.0000
0.81250000 0.00000000 0.00000000 1.0000
0.93750000 0.00000000 0.00000000 1.0000
1.00000000 0.00000000 0.00000000 1.0000
0.00000000 0.06250000 0.00000000 1.0000
0.06250000 0.06250000 0.00000000 1.0000
0.18750000 0.06250000 0.00000000 1.0000
0.37500000 0.06250000 0.00000000 1.0000
0.62500000 0.06250000 0.00000000 1.0000
0.81250000 0.06250000 0.00000000 1.0000
0.93750000 0.06250000 0.00000000 1.0000
1.00000000 0.06250000 0.00000000 1.0000
0.00000000 0.18750000 0.00000000 1.0000
0.06250000 0.18750000 0.00000000 1.0000
0.18750000 0.18750000 0.00000000 1.0000
0.37500000 0.18750000 0.00000000 1.0000
0.62500000 0.18750000 0.00000000 1.0000
0.81250000 0.18750000 0.00000000 1.0000
0.93750000 0.18750000 0.00000000 1.0000
1.00000000 0.18750000 0.00000000 1.0000
0.00000000 0.37500000 0.00000000 1.0000
0.06250000 0.37500000 0.00000000 1.0000
0.18750000 0.37500000 0.00000000 1.0000
0.37500000 0.37500000 0.00000000 1.0000
0.62500000 0.37500000 0.00000000 1.0000
0.81250000 0.37500000 0.00000000 1.0000
0.93750000 0.37500000 0.00000000 1.0000
1.00000000 0.37500000 0.00000000 1.0000
0.00000000 0.62500000 0.00000000 1.0000
0.06250000 0.62500000 0.00000000 1.0000
0.18750000 0.62500000 0.00000000 1.0000
0.37500000 0.62500000 0.00000000 1.0000
0.62500000 0.62500000 0.00000000 1.0000
0.81250000 0.62500000 0.00000000 1.0000
0.93750000 0.62500000 0.00000000 1.0000
1.00000000 0.62500000 0.00000000 1.0000
0.00000000 0.81250000 0.00000000 1.0000
0.06250000 0.81250000 0.00000000 1.0000
0.18750000 0.81250000 0.00000000 1.0000
0.37500000 0.81250000 0.00000000 1.0000
0.62500000 0.81250000 0.00000000 1.0000
0.81250000 0.81250000 0.00000000 1.0000
0.93750000 0.81250000 0.00000000 1.0000
1.00000000 0.81250000 0.00000000 1.0000
0.00000000 0.93750000 0.00000000 1.0000
0.06250000 0.93750000 0.00000000 1.0000
0.18750000 0.93750000 0.00000000 1.0000
0.37500000 0.93750000 0.00000000 1.0000
0.62500000 0.93750000 0.00000000 1.0000
0.81250000 0.93750000 0.00000000 1.0000
0.93750000 0.93750000 0.00000000 1.0000
1.00000000 0.93750000 0.00000000 1.0000
0.00000000 1.00000000 0.00000000 1.0000
0.06250000 1.00000000 0.00000000 1.0000
0.18750000 1.00000000 0.00000000 1.0000
0.37500000 1.00000000 0.00000000 1.0000
0.62500000 1.00000000 0.00000000 1.0000
0.81250000 1.00000000 0.00000000 1.0000
0.93750000 1.00000000 0.00000000 1.0000
1.00000000 1.00000000 0.00000000 1.0000
