11
0 0.00000000 0.00000000 0.00000000 0.00000000 0.50000000 1.00000000 1.00000000 1.00000000 1.00000000 1
12
0 0.00000000 0.00000000 0.00000000 0.00000000 0.33333333 0.66666667 1.00000000 1.00000000 1.00000000 1.00000000 1
42
1.00000000 0.00000000 0.00000000 1.0000
1.00000000 0.08706851 0.00000000 1.0000
1.00000000 0.25562591 0.00000000 1.0000
1.00000000 0.50000665 0.00000000 1.0000
1.00000000 0.74437524 0.00000000 1.0000
1.00000000 0.91293270 0.00000000 1.0000
1.00000000 1.00000000 0.00000000 1.0000
0.95959709 0.04040291 0.00000000 1.0000
0.96259468 0.11959251 0.00000000 1.0000
0.96738802 0.27405417 0.00000000 1.0000
0.97045323 0.50000498 0.00000000 1.0000
0.96738826 0.72594673 0.00000000 1.0000
0.96259479 0.88040842 0.00000000 1.0000
0.95959709 0.95959709 0.00000000 1.0000
0.87879126 0.12120874 0.00000000 1.0000
0.88778405 0.18464050 0.00000000 1.0000
0.90216405 0.31091069 0.00000000 1.0000
0.91135968 0.50000166 0.00000000 1.0000
0.90216477 0.68908971 0.00000000 1.0000
0.88778436 0.81535987 0.00000000 1.0000
0.87879126 0.87879126 0.00000000 1.0000
0.79798543 0.20201457 0.00000000 1.0000
0.81297342 0.24968850 0.00000000 1.0000
0.83694008 0.34776721 0.00000000 1.0000
0.85226613 0.49999834 0.00000000 1.0000
0.83694128 0.65223269 0.00000000 1.0000
0.81297393 0.75031132 0.00000000 1.0000
0.79798543 0.79798543 0.00000000 1.0000
0.71717961 0.28282039 0.00000000 1.0000
0.73816279 0.31473650 0.00000000 1.0000
0.77171612 0.38462372 0.00000000 1.0000
0.79317258 0.49999502 0.00000000 1.0000
0.77171779 0.61537567 0.00000000 1.0000
0.73816350 0.68526277 0.00000000 1.0000
0.71717961 0.71717961 0.00000000 1.0000
0.67677670 0.32322330 0.00000000 1.0000
0.70075747 0.34726050 0.00000000 1.0000
0.73910413 0.40305198 0.00000000 1.0000
0.76362580 0.49999336 0.00000000 1.0000
0.73910605 0.59694716 0.00000000 1.0000
0.70075829 0.65273849 0.00000000 1.0000
0.67677670 0.67677670 0.00000000 1.0000
