14
0 0.000000 0.000000 0.000000 0.000000 0.200000 0.400000 0.600000 0.800000 1.000000 1.000000 1.000000 1.000000 1
14
0 0.000000 0.000000 0.000000 0.000000 0.200000 0.400000 0.600000 0.800000 1.000000 1.000000 1.000000 1.000000 1
81
0.000000 0.000000 -2.000000 1.000000
0.050000 0.000000 -2.000000 1.000000
0.150000 0.000000 -2.000000 1.000000
0.300000 0.000000 -2.000000 1.000000
0.500000 0.000000 -2.000000 1.000000
0.700000 0.000000 -2.000000 1.000000
0.850000 0.000000 -2.000000 1.000000
0.950000 0.000000 -2.000000 1.000000
1.000000 0.000000 -2.000000 1.000000
0.025000 0.043301 -2.000000 1.000000
0.075000 0.043301 -2.000000 1.000000
0.175000 0.043301 -2.000000 1.000000
0.325000 0.043301 -2.000000 1.000000
0.525000 0.043301 -2.000000 1.000000
0.725000 0.043301 -2.000000 1.000000
0.875000 0.043301 -2.000000 1.000000
0.975000 0.043301 -2.000000 1.000000
1.025000 0.043301 -2.000000 1.000000
0.075000 0.129904 -2.000000 1.000000
0.125000 0.129904 -2.000000 1.000000
0.225000 0.129904 -2.000000 1.000000
0.375000 0.129904 -2.000000 1.000000
0.575000 0.129904 -2.000000 1.000000
0.775000 0.129904 -2.000000 1.000000
0.925000 0.129904 -2.000000 1.000000
1.025000 0.129904 -2.000000 1.000000
1.075000 0.129904 -2.000000 1.000000
0.150000 0.259808 -2.000000 1.000000
0.200000 0.259807 -2.000000 1.000000
0.300000 0.259808 -2.000000 1.000000
0.450000 0.259807 -2.000000 1.000000
0.650000 0.259808 -2.000000 1.000000
0.850000 0.259808 -2.000000 1.000000
1.000000 0.259808 -2.000000 1.000000
1.100000 0.259807 -2.000000 1.000000
1.150000 0.259808 -2.000000 1.000000
0.250000 0.433013 -2.000000 1.000000
0.300000 0.433013 -2.000000 1.000000
0.400000 0.433013 -2.000000 1.000000
0.550000 0.433013 -2.000000 1.000000
0.750000 0.433012 -2.000000 1.000000
0.950000 0.433013 -2.000000 1.000000
1.100000 0.433012 -2.000000 1.000000
1.200000 0.433013 -2.000000 1.000000
1.250000 0.433013 -2.000000 1.000000
0.350000 0.606218 -2.000000 1.000000
0.400000 0.606217 -2.000000 1.000000
0.500000 0.606218 -2.000000 1.000000
0.650000 0.606217 -2.000000 1.000000
0.850000 0.606218 -2.000000 1.000000
1.050000 0.606217 -2.000000 1.000000
1.200000 0.606218 -2.000000 1.000000
1.300000 0.606217 -2.000000 1.000000
1.350000 0.606218 -2.000000 1.000000
0.425000 0.736121 -2.000000 1.000000
0.475000 0.736121 -2.000000 1.000000
0.575000 0.736121 -2.000000 1.000000
0.725000 0.736121 -2.000000 1.000000
0.925000 0.736121 -2.000000 1.000000
1.125000 0.736121 -2.000000 1.000000
1.275000 0.736121 -2.000000 1.000000
1.375000 0.736121 -2.000000 1.000000
1.425000 0.736121 -2.000000 1.000000
0.475000 0.822724 -2.000000 1.000000
0.525000 0.822724 -2.000000 1.000000
0.625000 0.822724 -2.000000 1.000000
0.775000 0.822724 -2.000000 1.000000
0.975000 0.822724 -2.000000 1.000000
1.175000 0.822724 -2.000000 1.000000
1.325000 0.822724 -2.000000 1.000000
1.425000 0.822724 -2.000000 1.000000
1.475000 0.822724 -2.000000 1.000000
0.500000 0.866025 -2.000000 1.000000
0.550000 0.866025 -2.000000 1.000000
0.650000 0.866025 -2.000000 1.000000
0.800000 0.866025 -2.000000 1.000000
1.000000 0.866025 -2.000000 1.000000
1.200000 0.866025 -2.000000 1.000000
1.350000 0.866025 -2.000000 1.000000
1.450000 0.866025 -2.000000 1.000000
1.500000 0.866025 -2.000000 1.000000
