11
0 0.000000 0.000000 0.000000 0.000000 0.500000 1.000000 1.000000 1.000000 1.000000 1
11
0 0.000000 0.000000 0.000000 0.000000 0.500000 1.000000 1.000000 1.000000 1.000000 1
36
0.000000 0.000000 0.000000 1.000000
0.125000 0.000000 0.000000 1.000000
0.375000 0.000000 0.000000 1.000000
0.625000 0.000000 0.000000 1.000000
0.875000 0.000000 0.000000 1.000000
1.000000 0.000000 0.000000 1.000000
0.000000 0.125000 0.000000 1.000000
0.125000 0.125000 0.000000 1.000000
0.375000 0.125000 0.000000 1.000000
0.625000 0.125000 0.000000 1.000000
0.875000 0.125000 0.000000 1.000000
1.000000 0.125000 0.000000 1.000000
0.000000 0.375000 0.000000 1.000000
0.125000 0.375000 0.000000 1.000000
0.375000 0.375000 0.000000 1.000000
0.625000 0.375000 0.000000 1.000000
0.875000 0.375000 0.000000 1.000000
1.000000 0.375000 0.000000 1.000000
0.000000 0.625000 0.000000 1.000000
0.125000 0.625000 0.000000 1.000000
0.375000 0.625000 0.000000 1.000000
0.625000 0.625000 0.000000 1.000000
0.875000 0.625000 0.000000 1.000000
1.000000 0.625000 0.000000 1.000000
0.000000 0.875000 0.000000 1.000000
0.125000 0.875000 0.000000 1.000000
0.375000 0.875000 0.000000 1.000000
0.625000 0.875000 0.000000 1.000000
0.875000 0.875000 0.000000 1.000000
1.000000 0.875000 0.000000 1.000000
0.000000 1.000000 0.000000 1.000000
0.125000 1.000000 0.000000 1.000000
0.375000 1.000000 0.000000 1.000000
0.625000 1.000000 0.000000 1.000000
0.875000 1.000000 0.000000 1.000000
1.000000 1.000000 0.000000 1.000000
