11
0 0.000000 0.000000 0.000000 0.000000 0.500000 1.000000 1.000000 1.000000 1.000000 1
12
0 0.000000 0.000000 0.000000 0.000000 0.333333 0.666667 1.000000 1.000000 1.000000 1.000000 1
42
-0.500000 -1.000000 0.000000 1.000000
-0.416667 -1.000000 0.000000 1.000000
-0.250000 -1.000000 0.000000 1.000000
-0.000000 -1.000000 0.000000 1.000000
0.250000 -1.000000 0.000000 1.000000
0.416667 -1.000000 0.000000 1.000000
0.500000 -1.000000 0.000000 1.000000
-0.500000 -0.937500 0.000000 1.000000
-0.416667 -0.937500 0.000000 1.000000
-0.250000 -0.937500 0.000000 1.000000
0.000000 -0.937500 0.000000 1.000000
0.250000 -0.937500 0.000000 1.000000
0.416667 -0.937500 0.000000 1.000000
0.500000 -0.937500 0.000000 1.000000
-0.500000 -0.812500 0.000000 1.000000
-0.416667 -0.812500 0.000000 1.000000
-0.250000 -0.812500 0.000000 1.000000
-0.000000 -0.812500 0.000000 1.000000
0.250000 -0.812500 0.000000 1.000000
0.416667 -0.812500 0.000000 1.000000
0.500000 -0.812500 0.000000 1.000000
-0.500000 -0.687500 0.000000 1.000000
-0.416667 -0.687500 0.000000 1.000000
-0.250000 -0.687500 0.000000 1.000000
-0.000000 -0.687500 0.000000 1.000000
0.250000 -0.687500 0.000000 1.000000
0.416667 -0.687500 0.000000 1.000000
0.500000 -0.687500 0.000000 1.000000
-0.500000 -0.562500 0.000000 1.000000
-0.416667 -0.562500 0.000000 1.000000
-0.250000 -0.562500 0.000000 1.000000
0.000000 -0.562500 0.000000 1.000000
0.250000 -0.562500 0.000000 1.000000
0.416667 -0.562500 0.000000 1.000000
0.500000 -0.562500 0.000000 1.000000
-0.500000 -0.500000 0.000000 1.000000
-0.416667 -0.500000 0.000000 1.000000
-0.250000 -0.500000 0.000000 1.000000
-0.000000 -0.500000 0.000000 1.000000
0.250000 -0.500000 0.000000 1.000000
0.416667 -0.500000 0.000000 1.000000
0.500000 -0.500000 0.000000 1.000000
