19
0 0.000000 0.000000 0.000000 0.000000 0.100000 0.200000 0.300000 0.400000 0.500000 0.600000 0.700000 0.800000 0.900000 1.000000 1.000000 1.000000 1.000000 1
19
0 0.000000 0.000000 0.000000 0.000000 0.100000 0.200000 0.300000 0.400000 0.500000 0.600000 0.700000 0.800000 0.900000 1.000000 1.000000 1.000000 1.000000 1
196
0.000000 0.000000 0.000000 1.000000
0.025000 0.000000 0.000000 1.000000
0.075000 0.000000 0.000000 1.000000
0.150000 0.000000 0.000000 1.000000
0.250000 0.000000 0.000000 1.000000
0.350000 0.000000 0.000000 1.000000
0.450000 0.000000 0.000000 1.000000
0.550000 0.000000 0.000000 1.000000
0.650000 0.000000 0.000000 1.000000
0.750000 0.000000 0.000000 1.000000
0.850000 0.000000 0.000000 1.000000
0.925000 0.000000 0.000000 1.000000
0.975000 0.000000 0.000000 1.000000
1.000000 0.000000 0.000000 1.000000
0.000000 0.025000 0.000000 1.000000
0.025000 0.025000 0.000000 1.000000
0.075000 0.025000 0.000000 1.000000
0.150000 0.025000 0.000000 1.000000
0.250000 0.025000 0.000000 1.000000
0.350000 0.025000 0.000000 1.000000
0.450000 0.025000 0.000000 1.000000
0.550000 0.025000 0.000000 1.000000
0.650000 0.025000 0.000000 1.000000
0.750000 0.025000 0.000000 1.000000
0.850000 0.025000 0.000000 1.000000
0.925000 0.025000 0.000000 1.000000
0.975000 0.025000 0.000000 1.000000
1.000000 0.025000 0.000000 1.000000
0.000000 0.075000 0.000000 1.000000
0.025000 0.075000 0.000000 1.000000
0.075000 0.075000 0.000000 1.000000
0.150000 0.075000 0.000000 1.000000
0.250000 0.075000 0.000000 1.000000
0.350000 0.075000 0.000000 1.000000
0.450000 0.075000 0.000000 1.000000
0.550000 0.075000 0.000000 1.000000
0.650000 0.075000 0.000000 1.000000
0.750000 0.075000 0.000000 1.000000
0.850000 0.075000 0.000000 1.000000
0.925000 0.075000 0.000000 1.000000
0.975000 0.075000 0.000000 1.000000
1.000000 0.075000 0.000000 1.000000
0.000000 0.150000 0.000000 1.000000
0.025000 0.150000 0.000000 1.000000
0.075000 0.150000 0.000000 1.000000
0.150000 0.150000 0.000000 1.000000
0.250000 0.150000 0.000000 1.000000
0.350000 0.150000 0.000000 1.000000
0.450000 0.150000 0.000000 1.000000
0.550000 0.150000 0.000000 1.000000
0.650000 0.150000 0.000000 1.000000
0.750000 0.150000 0.000000 1.000000
0.850000 0.150000 0.000000 1.000000
0.925000 0.150000 0.000000 1.000000
0.975000 0.150000 0.000000 1.000000
1.000000 0.150000 0.000000 1.000000
0.000000 0.250000 0.000000 1.000000
0.025000 0.250000 0.000000 1.000000
0.075000 0.250000 0.000000 1.000000
0.150000 0.250000 0.000000 1.000000
0.250000 0.250000 0.000000 1.000000
0.350000 0.250000 0.000000 1.000000
0.450000 0.250000 0.000000 1.000000
0.550000 0.250000 0.000000 1.000000
0.650000 0.250000 0.000000 1.000000
0.750000 0.250000 0.000000 1.000000
0.850000 0.250000 0.000000 1.000000
0.925000 0.250000 0.000000 1.000000
0.975000 0.250000 0.000000 1.000000
1.000000 0.250000 0.000000 1.000000
0.000000 0.350000 0.000000 1.000000
0.025000 0.350000 0.000000 1.000000
0.075000 0.350000 0.000000 1.000000
0.150000 0.350000 0.000000 1.000000
0.250000 0.350000 0.000000 1.000000
0.350000 0.350000 0.000000 1.000000
0.450000 0.350000 0.000000 1.000000
0.550000 0.350000 0.000000 1.000000
0.650000 0.350000 0.000000 1.000000
0.750000 0.350000 0.000000 1.000000
0.850000 0.350000 0.000000 1.000000
0.925000 0.350000 0.000000 1.000000
0.975000 0.350000 0.000000 1.000000
1.000000 0.350000 0.000000 1.000000
0.000000 0.450000 0.000000 1.000000
0.025000 0.450000 0.000000 1.000000
0.075000 0.450000 0.000000 1.000000
0.150000 0.450000 0.000000 1.000000
0.250000 0.450000 0.000000 1.000000
0.350000 0.450000 0.000000 1.000000
0.450000 0.450000 0.000000 1.000000
0.550000 0.450000 0.000000 1.000000
0.650000 0.450000 0.000000 1.000000
0.750000 0.450000 0.000000 1.000000
0.850000 0.450000 0.000000 1.000000
0.925000 0.450000 0.000000 1.000000
0.975000 0.450000 0.000000 1.000000
1.000000 0.450000 0.000000 1.000000
0.000000 0.550000 0.000000 1.000000
0.025000 0.550000 0.000000 1.000000
0.075000 0.550000 0.000000 1.000000
0.150000 0.550000 0.000000 1.000000
0.250000 0.550000 0.000000 1.000000
0.350000 0.550000 0.000000 1.000000
0.450000 0.550000 0.000000 1.000000
0.550000 0.550000 0.000000 1.000000
0.650000 0.550000 0.000000 1.000000
0.750000 0.550000 0.000000 1.000000
0.850000 0.550000 0.000000 1.000000
0.925000 0.550000 0.000000 1.000000
0.975000 0.550000 0.000000 1.000000
1.000000 0.550000 0.000000 1.000000
0.000000 0.650000 0.000000 1.000000
0.025000 0.650000 0.000000 1.000000
0.075000 0.650000 0.000000 1.000000
0.150000 0.650000 0.000000 1.000000
0.250000 0.650000 0.000000 1.000000
0.350000 0.650000 0.000000 1.000000
0.450000 0.650000 0.000000 1.000000
0.550000 0.650000 0.000000 1.000000
0.650000 0.650000 0.000000 1.000000
0.750000 0.650000 0.000000 1.000000
0.850000 0.650000 0.000000 1.000000
0.925000 0.650000 0.000000 1.000000
0.975000 0.650000 0.000000 1.000000
1.000000 0.650000 0.000000 1.000000
0.000000 0.750000 0.000000 1.000000
0.025000 0.750000 0.000000 1.000000
0.075000 0.750000 0.000000 1.000000
0.150000 0.750000 0.000000 1.000000
0.250000 0.750000 0.000000 1.000000
0.350000 0.750000 0.000000 1.000000
0.450000 0.750000 0.000000 1.000000
0.550000 0.750000 0.000000 1.000000
0.650000 0.750000 0.000000 1.000000
0.750000 0.750000 0.000000 1.000000
0.850000 0.750000 0.000000 1.000000
0.925000 0.750000 0.000000 1.000000
0.975000 0.750000 0.000000 1.000000
1.000000 0.750000 0.000000 1.000000
0.000000 0.850000 0.000000 1.000000
0.025000 0.850000 0.000000 1.000000
0.075000 0.850000 0.000000 1.000000
0.150000 0.850000 0.000000 1.000000
0.250000 0.850000 0.000000 1.000000
0.350000 0.850000 0.000000 1.000000
0.450000 0.850000 0.000000 1.000000
0.550000 0.850000 0.000000 1.000000
0.650000 0.850000 0.000000 1.000000
0.750000 0.850000 0.000000 1.000000
0.850000 0.850000 0.000000 1.000000
0.925000 0.850000 0.000000 1.000000
0.975000 0.850000 0.000000 1.000000
1.000000 0.850000 0.000000 1.000000
0.000000 0.925000 0.000000 1.000000
0.025000 0.925000 0.000000 1.000000
0.075000 0.925000 0.000000 1.000000
0.150000 0.925000 0.000000 1.000000
0.250000 0.925000 0.000000 1.000000
0.350000 0.925000 0.000000 1.000000
0.450000 0.925000 0.000000 1.000000
0.550000 0.925000 0.000000 1.000000
0.650000 0.925000 0.000000 1.000000
0.750000 0.925000 0.000000 1.000000
0.850000 0.925000 0.000000 1.000000
0.925000 0.925000 0.000000 1.000000
0.975000 0.925000 0.000000 1.000000
1.000000 0.925000 0.000000 1.000000
0.000000 0.975000 0.000000 1.000000
0.025000 0.975000 0.000000 1.000000
0.075000 0.975000 0.000000 1.000000
0.150000 0.975000 0.000000 1.000000
0.250000 0.975000 0.000000 1.000000
0.350000 0.975000 0.000000 1.000000
0.450000 0.975000 0.000000 1.000000
0.550000 0.975000 0.000000 1.000000
0.650000 0.975000 0.000000 1.000000
0.750000 0.975000 0.000000 1.000000
0.850000 0.975000 0.000000 1.000000
0.925000 0.975000 0.000000 1.000000
0.975000 0.975000 0.000000 1.000000
1.000000 0.975000 0.000000 1.000000
0.000000 1.000000 0.000000 1.000000
0.025000 1.000000 0.000000 1.000000
0.075000 1.000000 0.000000 1.000000
0.150000 1.000000 0.000000 1.000000
0.250000 1.000000 0.000000 1.000000
0.350000 1.000000 0.000000 1.000000
0.450000 1.000000 0.000000 1.000000
0.550000 1.000000 0.000000 1.000000
0.650000 1.000000 0.000000 1.000000
0.750000 1.000000 0.000000 1.000000
0.850000 1.000000 0.000000 1.000000
0.925000 1.000000 0.000000 1.000000
0.975000 1.000000 0.000000 1.000000
1.000000 1.000000 0.000000 1.000000
