15
0 0.000000 0.000000 0.000000 0.000000 0.166667 0.333333 0.500000 0.666667 0.833333 1.000000 1.000000 1.000000 1.000000 1
14
0 0.000000 0.000000 0.000000 0.000000 0.200000 0.400000 0.600000 0.800000 1.000000 1.000000 1.000000 1.000000 1
90
0.000000 0.000000 0.000000 1.000000
0.050000 0.000000 0.000000 1.000000
0.150000 0.000000 0.000000 1.000000
0.300000 0.000000 0.000000 1.000000
0.500000 0.000000 0.000000 1.000000
0.700000 0.000000 0.000000 1.000000
0.850000 0.000000 0.000000 1.000000
0.950000 0.000000 0.000000 1.000000
1.000000 0.000000 0.000000 1.000000
0.000000 0.041667 0.000000 1.000000
0.050000 0.041667 0.000000 1.000000
0.150000 0.041667 0.000000 1.000000
0.300000 0.041667 0.000000 1.000000
0.500000 0.041667 0.000000 1.000000
0.700000 0.041667 0.000000 1.000000
0.850000 0.041667 0.000000 1.000000
0.950000 0.041667 0.000000 1.000000
1.000000 0.041667 0.000000 1.000000
0.000000 0.125000 0.000000 1.000000
0.050000 0.125000 0.000000 1.000000
0.150000 0.125000 0.000000 1.000000
0.300000 0.125000 0.000000 1.000000
0.500000 0.125000 0.000000 1.000000
0.700000 0.125000 0.000000 1.000000
0.850000 0.125000 0.000000 1.000000
0.950000 0.125000 0.000000 1.000000
1.000000 0.125000 0.000000 1.000000
0.000000 0.250000 0.000000 1.000000
0.050000 0.250000 0.000000 1.000000
0.150000 0.250000 0.000000 1.000000
0.300000 0.250000 0.000000 1.000000
0.500000 0.250000 0.000000 1.000000
0.700000 0.250000 0.000000 1.000000
0.850000 0.250000 0.000000 1.000000
0.950000 0.250000 0.000000 1.000000
1.000000 0.250000 0.000000 1.000000
0.000000 0.416667 0.000000 1.000000
0.050000 0.416667 0.000000 1.000000
0.150000 0.416667 0.000000 1.000000
0.300000 0.416667 0.000000 1.000000
0.500000 0.416667 0.000000 1.000000
0.700000 0.416667 0.000000 1.000000
0.850000 0.416667 0.000000 1.000000
0.950000 0.416667 0.000000 1.000000
1.000000 0.416667 0.000000 1.000000
0.000000 0.583333 0.000000 1.000000
0.050000 0.583333 0.000000 1.000000
0.150000 0.583333 0.000000 1.000000
0.300000 0.583333 0.000000 1.000000
0.500000 0.583333 0.000000 1.000000
0.700000 0.583333 0.000000 1.000000
0.850000 0.583333 0.000000 1.000000
0.950000 0.583333 0.000000 1.000000
1.000000 0.583333 0.000000 1.000000
0.000000 0.750000 0.000000 1.000000
0.050000 0.750000 0.000000 1.000000
0.150000 0.750000 0.000000 1.000000
0.300000 0.750000 0.000000 1.000000
0.500000 0.750000 0.000000 1.000000
0.700000 0.750000 0.000000 1.000000
0.850000 0.750000 0.000000 1.000000
0.950000 0.750000 0.000000 1.000000
1.000000 0.750000 0.000000 1.000000
0.000000 0.875000 0.000000 1.000000
0.050000 0.875000 0.000000 1.000000
0.150000 0.875000 0.000000 1.000000
0.300000 0.875000 0.000000 1.000000
0.500000 0.875000 0.000000 1.000000
0.700000 0.875000 0.000000 1.000000
0.850000 0.875000 0.000000 1.000000
0.950000 0.875000 0.000000 1.000000
1.000000 0.875000 0.000000 1.000000
0.000000 0.958333 0.000000 1.000000
0.050000 0.958333 0.000000 1.000000
0.150000 0.958333 0.000000 1.000000
0.300000 0.958333 0.000000 1.000000
0.500000 0.958333 0.000000 1.000000
0.700000 0.958333 0.000000 1.000000
0.850000 0.958333 0.000000 1.000000
0.950000 0.958333 0.000000 1.000000
1.000000 0.958333 0.000000 1.000000
0.000000 1.000000 0.000000 1.000000
0.050000 1.000000 0.000000 1.000000
0.150000 1.000000 0.000000 1.000000
0.300000 1.000000 0.000000 1.000000
0.500000 1.000000 0.000000 1.000000
0.700000 1.000000 0.000000 1.000000
0.850000 1.000000 0.000000 1.000000
0.950000 1.000000 0.000000 1.000000
1.000000 1.000000 0.000000 1.000000
