19
0 0.000000 0.000000 0.000000 0.000000 0.100000 0.200000 0.300000 0.400000 0.500000 0.600000 0.700000 0.800000 0.900000 1.000000 1.000000 1.000000 1.000000 1
12
0 0.000000 0.000000 0.000000 0.000000 0.333333 0.666667 1.000000 1.000000 1.000000 1.000000 1
98
-1.000000 -1.000000 0.000000 1.000000
-0.958333 -1.000000 0.000000 1.000000
-0.875000 -1.000000 0.000000 1.000000
-0.750000 -1.000000 0.000000 1.000000
-0.625000 -1.000000 0.000000 1.000000
-0.541667 -1.000000 0.000000 1.000000
-0.500000 -1.000000 0.000000 1.000000
-1.000000 -0.950000 0.000000 1.000000
-0.958333 -0.950000 0.000000 1.000000
-0.875000 -0.950000 0.000000 1.000000
-0.750000 -0.950000 0.000000 1.000000
-0.625000 -0.950000 0.000000 1.000000
-0.541667 -0.950000 0.000000 1.000000
-0.500000 -0.950000 0.000000 1.000000
-1.000000 -0.850000 0.000000 1.000000
-0.958333 -0.850000 0.000000 1.000000
-0.875000 -0.850000 0.000000 1.000000
-0.750000 -0.850000 0.000000 1.000000
-0.625000 -0.850000 0.000000 1.000000
-0.541667 -0.850000 0.000000 1.000000
-0.500000 -0.850000 0.000000 1.000000
-1.000000 -0.700000 0.000000 1.000000
-0.958333 -0.700000 0.000000 1.000000
-0.875000 -0.700000 0.000000 1.000000
-0.750000 -0.700000 0.000000 1.000000
-0.625000 -0.700000 0.000000 1.000000
-0.541667 -0.700000 0.000000 1.000000
-0.500000 -0.700000 0.000000 1.000000
-1.000000 -0.500000 0.000000 1.000000
-0.958333 -0.500000 0.000000 1.000000
-0.875000 -0.500000 0.000000 1.000000
-0.750000 -0.500000 0.000000 1.000000
-0.625000 -0.500000 0.000000 1.000000
-0.541667 -0.500000 0.000000 1.000000
-0.500000 -0.500000 0.000000 1.000000
-1.000000 -0.300000 0.000000 1.000000
-0.958333 -0.300000 0.000000 1.000000
-0.875000 -0.300000 0.000000 1.000000
-0.750000 -0.300000 0.000000 1.000000
-0.625000 -0.300000 0.000000 1.000000
-0.541667 -0.300000 0.000000 1.000000
-0.500000 -0.300000 0.000000 1.000000
-1.000000 -0.100000 0.000000 1.000000
-0.958333 -0.100000 0.000000 1.000000
-0.875000 -0.100000 0.000000 1.000000
-0.750000 -0.100000 0.000000 1.000000
-0.625000 -0.100000 0.000000 1.000000
-0.541667 -0.100000 0.000000 1.000000
-0.500000 -0.100000 0.000000 1.000000
-1.000000 0.100000 0.000000 1.000000
-0.958333 0.100000 0.000000 1.000000
-0.875000 0.100000 0.000000 1.000000
-0.750000 0.100000 0.000000 1.000000
-0.625000 0.100000 0.000000 1.000000
-0.541667 0.100000 0.000000 1.000000
-0.500000 0.100000 0.000000 1.000000
-1.000000 0.300000 0.000000 1.000000
-0.958333 0.300000 0.000000 1.000000
-0.875000 0.300000 0.000000 1.000000
-0.750000 0.300000 0.000000 1.000000
-0.625000 0.300000 0.000000 1.000000
-0.541667 0.300000 0.000000 1.000000
-0.500000 0.300000 0.000000 1.000000
-1.000000 0.500000 0.000000 1.000000
-0.958333 0.500000 0.000000 1.000000
-0.875000 0.500000 0.000000 1.000000
-0.750000 0.500000 0.000000 1.000000
-0.625000 0.500000 0.000000 1.000000
-0.541667 0.500000 0.000000 1.000000
-0.500000 0.500000 0.000000 1.000000
-1.000000 0.700000 0.000000 1.000000
-0.958333 0.700000 0.000000 1.000000
-0.875000 0.700000 0.000000 1.000000
-0.750000 0.700000 0.000000 1.000000
-0.625000 0.700000 0.000000 1.000000
-0.541667 0.700000 0.000000 1.000000
-0.500000 0.700000 0.000000 1.000000
-1.000000 0.850000 0.000000 1.000000
-0.958333 0.850000 0.000000 1.000000
-0.875000 0.850000 0.000000 1.000000
-0.750000 0.850000 0.000000 1.000000
-0.625000 0.850000 0.000000 1.000000
-0.541667 0.850000 0.000000 1.000000
-0.500000 0.850000 0.000000 1.000000
-1.000000 0.950000 0.000000 1.000000
-0.958333 0.950000 0.000000 1.000000
-0.875000 0.950000 0.000000 1.000000
-0.750000 0.950000 0.000000 1.000000
-0.625000 0.950000 0.000000 1.000000
-0.541667 0.950000 0.000000 1.000000
-0.500000 0.950000 0.000000 1.000000
-1.000000 1.000000 0.000000 1.000000
-0.958333 1.000000 0.000000 1.000000
-0.875000 1.000000 0.000000 1.000000
-0.750000 1.000000 0.000000 1.000000
-0.625000 1.000000 0.000000 1.000000
-0.541667 1.000000 0.000000 1.000000
-0.500000 1.000000 0.000000 1.000000
