14
0 0.000000 0.000000 0.000000 0.000000 0.200000 0.400000 0.600000 0.800000 1.000000 1.000000 1.000000 1.000000 1
14
0 0.000000 0.000000 0.000000 0.000000 0.200000 0.400000 0.600000 0.800000 1.000000 1.000000 1.000000 1.000000 1
81
-0.750000 -0.433013 0.000000 1.000000
-0.700000 -0.433013 0.000000 1.000000
-0.600000 -0.433013 0.000000 1.000000
-0.450000 -0.433013 0.000000 1.000000
-0.250000 -0.433013 0.000000 1.000000
-0.050000 -0.433013 0.000000 1.000000
0.100000 -0.433013 0.000000 1.000000
0.200000 -0.433013 0.000000 1.000000
0.250000 -0.433013 0.000000 1.000000
-0.725000 -0.389711 0.000000 1.000000
-0.675000 -0.389711 0.000000 1.000000
-0.575000 -0.389711 0.000000 1.000000
-0.425000 -0.389711 0.000000 1.000000
-0.225000 -0.389711 0.000000 1.000000
-0.025000 -0.389711 0.000000 1.000000
0.125000 -0.389711 0.000000 1.000000
0.225000 -0.389711 0.000000 1.000000
0.275000 -0.389711 0.000000 1.000000
-0.675000 -0.303109 0.000000 1.000000
-0.625000 -0.303109 0.000000 1.000000
-0.525000 -0.303109 0.000000 1.000000
-0.375000 -0.303109 0.000000 1.000000
-0.175000 -0.303109 0.000000 1.000000
0.025000 -0.303109 0.000000 1.000000
0.175000 -0.303109 0.000000 1.000000
0.275000 -0.303109 0.000000 1.000000
0.325000 -0.303109 0.000000 1.000000
-0.600000 -0.173205 0.000000 1.000000
-0.550000 -0.173205 0.000000 1.000000
-0.450000 -0.173205 0.000000 1.000000
-0.300000 -0.173205 0.000000 1.000000
-0.100000 -0.173205 0.000000 1.000000
0.100000 -0.173205 0.000000 1.000000
0.250000 -0.173205 0.000000 1.000000
0.350000 -0.173205 0.000000 1.000000
0.400000 -0.173205 0.000000 1.000000
-0.500000 -0.000000 0.000000 1.000000
-0.450000 -0.000000 0.000000 1.000000
-0.350000 0.000000 0.000000 1.000000
-0.200000 -0.000000 0.000000 1.000000
-0.000000 -0.000000 0.000000 1.000000
0.200000 -0.000000 0.000000 1.000000
0.350000 -0.000000 0.000000 1.000000
0.450000 -0.000000 0.000000 1.000000
0.500000 -0.000000 0.000000 1.000000
-0.400000 0.173205 0.000000 1.000000
-0.350000 0.173205 0.000000 1.000000
-0.250000 0.173205 0.000000 1.000000
-0.100000 0.173205 0.000000 1.000000
0.100000 0.173205 0.000000 1.000000
0.300000 0.173205 0.000000 1.000000
0.450000 0.173205 0.000000 1.000000
0.550000 0.173205 0.000000 1.000000
0.600000 0.173205 0.000000 1.000000
-0.325000 0.303109 0.000000 1.000000
-0.275000 0.303109 0.000000 1.000000
-0.175000 0.303109 0.000000 1.000000
-0.025000 0.303109 0.000000 1.000000
0.175000 0.303109 0.000000 1.000000
0.375000 0.303109 0.000000 1.000000
0.525000 0.303109 0.000000 1.000000
0.625000 0.303109 0.000000 1.000000
0.675000 0.303109 0.000000 1.000000
-0.275000 0.389711 0.000000 1.000000
-0.225000 0.389711 0.000000 1.000000
-0.125000 0.389711 0.000000 1.000000
0.025000 0.389711 0.000000 1.000000
0.225000 0.389711 0.000000 1.000000
0.425000 0.389711 0.000000 1.000000
0.575000 0.389711 0.000000 1.000000
0.675000 0.389711 0.000000 1.000000
0.725000 0.389711 0.000000 1.000000
-0.250000 0.433013 0.000000 1.000000
-0.200000 0.433013 0.000000 1.000000
-0.100000 0.433013 0.000000 1.000000
0.050000 0.433013 0.000000 1.000000
0.250000 0.433013 0.000000 1.000000
0.450000 0.433013 0.000000 1.000000
0.600000 0.433013 0.000000 1.000000
0.700000 0.433013 0.000000 1.000000
0.750000 0.433013 0.000000 1.000000
