14
0 0.000000 0.000000 0.000000 0.000000 0.200000 0.400000 0.600000 0.800000 1.000000 1.000000 1.000000 1.000000 1
14
0 0.000000 0.000000 0.000000 0.000000 0.200000 0.400000 0.600000 0.800000 1.000000 1.000000 1.000000 1.000000 1
81
1.000000 -1.000000 0.000000 1.000000
0.900000 -1.000000 0.000000 1.000000
0.700000 -1.000000 0.000000 1.000000
0.400000 -1.000000 0.000000 1.000000
0.000000 -1.000000 0.000000 1.000000
-0.400000 -1.000000 0.000000 1.000000
-0.700000 -1.000000 0.000000 1.000000
-0.900000 -1.000000 0.000000 1.000000
-1.000000 -1.000000 0.000000 1.000000
1.000000 -1.000000 0.100000 1.000000
0.900000 -1.000000 0.100000 1.000000
0.700000 -1.000000 0.100000 1.000000
0.400000 -1.000000 0.100000 1.000000
0.000000 -1.000000 0.100000 1.000000
-0.400000 -1.000000 0.100000 1.000000
-0.700000 -1.000000 0.100000 1.000000
-0.900000 -1.000000 0.100000 1.000000
-1.000000 -1.000000 0.100000 1.000000
1.000000 -1.000000 0.300000 1.000000
0.900000 -1.000000 0.300000 1.000000
0.700000 -1.000000 0.300000 1.000000
0.400000 -1.000000 0.300000 1.000000
0.000000 -1.000000 0.300000 1.000000
-0.400000 -1.000000 0.300000 1.000000
-0.700000 -1.000000 0.300000 1.000000
-0.900000 -1.000000 0.300000 1.000000
-1.000000 -1.000000 0.300000 1.000000
1.000000 -1.000000 0.600000 1.000000
0.900000 -1.000000 0.600000 1.000000
0.700000 -1.000000 0.600000 1.000000
0.400000 -1.000000 0.600000 1.000000
0.000000 -1.000000 0.600000 1.000000
-0.400000 -1.000000 0.600000 1.000000
-0.700000 -1.000000 0.600000 1.000000
-0.900000 -1.000000 0.600000 1.000000
-1.000000 -1.000000 0.600000 1.000000
1.000000 -1.000000 1.000000 1.000000
0.900000 -1.000000 1.000000 1.000000
0.700000 -1.000000 1.000000 1.000000
0.400000 -1.000000 1.000000 1.000000
0.000000 -1.000000 1.000000 1.000000
-0.400000 -1.000000 1.000000 1.000000
-0.700000 -1.000000 1.000000 1.000000
-0.900000 -1.000000 1.000000 1.000000
-1.000000 -1.000000 1.000000 1.000000
1.000000 -1.000000 1.400000 1.000000
0.900000 -1.000000 1.400000 1.000000
0.700000 -1.000000 1.400000 1.000000
0.400000 -1.000000 1.400000 1.000000
0.000000 -1.000000 1.400000 1.000000
-0.400000 -1.000000 1.400000 1.000000
-0.700000 -1.000000 1.400000 1.000000
-0.900000 -1.000000 1.400000 1.000000
-1.000000 -1.000000 1.400000 1.000000
1.000000 -1.000000 1.700000 1.000000
0.900000 -1.000000 1.700000 1.000000
0.700000 -1.000000 1.700000 1.000000
0.400000 -1.000000 1.700000 1.000000
0.000000 -1.000000 1.700000 1.000000
-0.400000 -1.000000 1.700000 1.000000
-0.700000 -1.000000 1.700000 1.000000
-0.900000 -1.000000 1.700000 1.000000
-1.000000 -1.000000 1.700000 1.000000
1.000000 -1.000000 1.900000 1.000000
0.900000 -1.000000 1.900000 1.000000
0.700000 -1.000000 1.900000 1.000000
0.400000 -1.000000 1.900000 1.000000
0.000000 -1.000000 1.900000 1.000000
-0.400000 -1.000000 1.900000 1.000000
-0.700000 -1.000000 1.900000 1.000000
-0.900000 -1.000000 1.900000 1.000000
-1.000000 -1.000000 1.900000 1.000000
1.000000 -1.000000 2.000000 1.000000
0.900000 -1.000000 2.000000 1.000000
0.700000 -1.000000 2.000000 1.000000
0.400000 -1.000000 2.000000 1.000000
0.000000 -1.000000 2.000000 1.000000
-0.400000 -1.000000 2.000000 1.000000
-0.700000 -1.000000 2.000000 1.000000
-0.900000 -1.000000 2.000000 1.000000
-1.000000 -1.000000 2.000000 1.000000
