13
0 0.000000 0.000000 0.000000 0.000000 0.250000 0.500000 0.750000 1.000000 1.000000 1.000000 1.000000 1
13
0 0.000000 0.000000 0.000000 0.000000 0.250000 0.500000 0.750000 1.000000 1.000000 1.000000 1.000000 1
64
-0.500000 -0.500000 0.000000 1.000000
-0.437500 -0.500000 0.000000 1.000000
-0.312500 -0.500000 0.000000 1.000000
-0.125000 -0.500000 0.000000 1.000000
0.125000 -0.500000 0.000000 1.000000
0.312500 -0.500000 0.000000 1.000000
0.437500 -0.500000 0.000000 1.000000
0.500000 -0.500000 0.000000 1.000000
-0.500000 -0.437500 0.000000 1.000000
-0.437500 -0.437500 0.000000 1.000000
-0.312500 -0.437500 0.000000 1.000000
-0.125000 -0.437500 0.000000 1.000000
0.125000 -0.437500 0.000000 1.000000
0.312500 -0.437500 0.000000 1.000000
0.437500 -0.437500 0.000000 1.000000
0.500000 -0.437500 0.000000 1.000000
-0.500000 -0.312500 0.000000 1.000000
-0.437500 -0.312500 0.000000 1.000000
-0.312500 -0.312500 0.000000 1.000000
-0.125000 -0.312500 0.000000 1.000000
0.125000 -0.312500 0.000000 1.000000
0.312500 -0.312500 0.000000 1.000000
0.437500 -0.312500 0.000000 1.000000
0.500000 -0.312500 0.000000 1.000000
-0.500000 -0.125000 0.000000 1.000000
-0.437500 -0.125000 0.000000 1.000000
-0.312500 -0.125000 0.000000 1.000000
-0.125000 -0.125000 0.000000 1.000000
0.125000 -0.125000 0.000000 1.000000
0.312500 -0.125000 0.000000 1.000000
0.437500 -0.125000 0.000000 1.000000
0.500000 -0.125000 0.000000 1.000000
-0.500000 0.125000 0.000000 1.000000
-0.437500 0.125000 0.000000 1.000000
-0.312500 0.125000 0.000000 1.000000
-0.125000 0.125000 0.000000 1.000000
0.125000 0.125000 0.000000 1.000000
0.312500 0.125000 0.000000 1.000000
0.437500 0.125000 0.000000 1.000000
0.500000 0.125000 0.000000 1.000000
-0.500000 0.312500 0.000000 1.000000
-0.437500 0.312500 0.000000 1.000000
-0.312500 0.312500 0.000000 1.000000
-0.125000 0.312500 0.000000 1.000000
0.125000 0.312500 0.000000 1.000000
0.312500 0.312500 0.000000 1.000000
0.437500 0.312500 0.000000 1.000000
0.500000 0.312500 0.000000 1.000000
-0.500000 0.437500 0.000000 1.000000
-0.437500 0.437500 0.000000 1.000000
-0.312500 0.437500 0.000000 1.000000
-0.125000 0.437500 0.000000 1.000000
0.125000 0.437500 0.000000 1.000000
0.312500 0.437500 0.000000 1.000000
0.437500 0.437500 0.000000 1.000000
0.500000 0.437500 0.000000 1.000000
-0.500000 0.500000 0.000000 1.000000
-0.437500 0.500000 0.000000 1.000000
-0.312500 0.500000 0.000000 1.000000
-0.125000 0.500000 0.000000 1.000000
0.125000 0.500000 0.000000 1.000000
0.312500 0.500000 0.000000 1.000000
0.437500 0.500000 0.000000 1.000000
0.500000 0.500000 0.000000 1.000000
