12
0 0.000000 0.000000 0.000000 0.000000 0.333333 0.666667 1.000000 1.000000 1.000000 1.000000 1
19
0 0.000000 0.000000 0.000000 0.000000 0.100000 0.200000 0.300000 0.400000 0.500000 0.600000 0.700000 0.800000 0.900000 1.000000 1.000000 1.000000 1.000000 1
98
-1.000000 -1.000000 0.000000 1.000000
-0.950000 -1.000000 0.000000 1.000000
-0.850000 -1.000000 0.000000 1.000000
-0.700000 -1.000000 0.000000 1.000000
-0.500000 -1.000000 0.000000 1.000000
-0.300000 -1.000000 0.000000 1.000000
-0.100000 -1.000000 0.000000 1.000000
0.100000 -1.000000 0.000000 1.000000
0.300000 -1.000000 0.000000 1.000000
0.500000 -1.000000 0.000000 1.000000
0.700000 -1.000000 0.000000 1.000000
0.850000 -1.000000 0.000000 1.000000
0.950000 -1.000000 0.000000 1.000000
1.000000 -1.000000 0.000000 1.000000
-1.000000 -0.952751 0.000000 1.000000
-0.950000 -0.952751 0.000000 1.000000
-0.850000 -0.952751 0.000000 1.000000
-0.700000 -0.952751 0.000000 1.000000
-0.500000 -0.952751 0.000000 1.000000
-0.300000 -0.952751 0.000000 1.000000
-0.100000 -0.952751 0.000000 1.000000
0.100000 -0.952751 0.000000 1.000000
0.300000 -0.952751 0.000000 1.000000
0.500000 -0.952751 0.000000 1.000000
0.700000 -0.952751 0.000000 1.000000
0.850000 -0.952751 0.000000 1.000000
0.950000 -0.952751 0.000000 1.000000
1.000000 -0.952751 0.000000 1.000000
-1.000000 -0.858253 0.000000 1.000000
-0.950000 -0.858253 0.000000 1.000000
-0.850000 -0.858253 0.000000 1.000000
-0.700000 -0.858253 0.000000 1.000000
-0.500000 -0.858253 0.000000 1.000000
-0.300000 -0.858253 0.000000 1.000000
-0.100000 -0.858253 0.000000 1.000000
0.100000 -0.858253 0.000000 1.000000
0.300000 -0.858253 0.000000 1.000000
0.500000 -0.858253 0.000000 1.000000
0.700000 -0.858253 0.000000 1.000000
0.850000 -0.858253 0.000000 1.000000
0.950000 -0.858253 0.000000 1.000000
1.000000 -0.858253 0.000000 1.000000
-1.000000 -0.716506 0.000000 1.000000
-0.950000 -0.716506 0.000000 1.000000
-0.850000 -0.716506 0.000000 1.000000
-0.700000 -0.716506 0.000000 1.000000
-0.500000 -0.716506 0.000000 1.000000
-0.300000 -0.716506 0.000000 1.000000
-0.100000 -0.716506 0.000000 1.000000
0.100000 -0.716506 0.000000 1.000000
0.300000 -0.716506 0.000000 1.000000
0.500000 -0.716506 0.000000 1.000000
0.700000 -0.716506 0.000000 1.000000
0.850000 -0.716506 0.000000 1.000000
0.950000 -0.716506 0.000000 1.000000
1.000000 -0.716506 0.000000 1.000000
-1.000000 -0.574760 0.000000 1.000000
-0.950000 -0.574760 0.000000 1.000000
-0.850000 -0.574760 0.000000 1.000000
-0.700000 -0.574760 0.000000 1.000000
-0.500000 -0.574760 0.000000 1.000000
-0.300000 -0.574760 0.000000 1.000000
-0.100000 -0.574760 0.000000 1.000000
0.100000 -0.574760 0.000000 1.000000
0.300000 -0.574760 0.000000 1.000000
0.500000 -0.574760 0.000000 1.000000
0.700000 -0.574760 0.000000 1.000000
0.850000 -0.574760 0.000000 1.000000
0.950000 -0.574760 0.000000 1.000000
1.000000 -0.574760 0.000000 1.000000
-1.000000 -0.480262 0.000000 1.000000
-0.950000 -0.480262 0.000000 1.000000
-0.850000 -0.480262 0.000000 1.000000
-0.700000 -0.480262 0.000000 1.000000
-0.500000 -0.480262 0.000000 1.000000
-0.300000 -0.480262 0.000000 1.000000
-0.100000 -0.480262 0.000000 1.000000
0.100000 -0.480262 0.000000 1.000000
0.300000 -0.480262 0.000000 1.000000
0.500000 -0.480262 0.000000 1.000000
0.700000 -0.480262 0.000000 1.000000
0.850000 -0.480262 0.000000 1.000000
0.950000 -0.480262 0.000000 1.000000
1.000000 -0.480262 0.000000 1.000000
-1.000000 -0.433013 0.000000 1.000000
-0.950000 -0.433013 0.000000 1.000000
-0.850000 -0.433013 0.000000 1.000000
-0.700000 -0.433013 0.000000 1.000000
-0.500000 -0.433013 0.000000 1.000000
-0.300000 -0.433013 0.000000 1.000000
-0.100000 -0.433013 0.000000 1.000000
0.100000 -0.433013 0.000000 1.000000
0.300000 -0.433013 0.000000 1.000000
0.500000 -0.433013 0.000000 1.000000
0.700000 -0.433013 0.000000 1.000000
0.850000 -0.433013 0.000000 1.000000
0.950000 -0.433013 0.000000 1.000000
1.000000 -0.433013 0.000000 1.000000
