12
0 0.000000 0.000000 0.000000 0.000000 0.333333 0.666667 1.000000 1.000000 1.000000 1.000000 1
14
0 0.000000 0.000000 0.000000 0.000000 0.200000 0.400000 0.600000 0.800000 1.000000 1.000000 1.000000 1.000000 1
63
-0.500000 -1.000000 0.000000 1.000000
-0.450000 -1.000000 0.000000 1.000000
-0.350000 -1.000000 0.000000 1.000000
-0.200000 -1.000000 0.000000 1.000000
-0.000000 -1.000000 0.000000 1.000000
0.200000 -1.000000 0.000000 1.000000
0.350000 -1.000000 0.000000 1.000000
0.450000 -1.000000 0.000000 1.000000
0.500000 -1.000000 0.000000 1.000000
-0.500000 -0.958333 0.000000 1.000000
-0.450000 -0.958333 0.000000 1.000000
-0.350000 -0.958333 0.000000 1.000000
-0.200000 -0.958333 0.000000 1.000000
-0.000000 -0.958333 0.000000 1.000000
0.200000 -0.958333 0.000000 1.000000
0.350000 -0.958333 0.000000 1.000000
0.450000 -0.958333 0.000000 1.000000
0.500000 -0.958333 0.000000 1.000000
-0.500000 -0.875000 0.000000 1.000000
-0.450000 -0.875000 0.000000 1.000000
-0.350000 -0.875000 0.000000 1.000000
-0.200000 -0.875000 0.000000 1.000000
0.000000 -0.875000 0.000000 1.000000
0.200000 -0.875000 0.000000 1.000000
0.350000 -0.875000 0.000000 1.000000
0.450000 -0.875000 0.000000 1.000000
0.500000 -0.875000 0.000000 1.000000
-0.500000 -0.750000 0.000000 1.000000
-0.450000 -0.750000 0.000000 1.000000
-0.350000 -0.750000 0.000000 1.000000
-0.200000 -0.750000 0.000000 1.000000
-0.000000 -0.750000 0.000000 1.000000
0.200000 -0.750000 0.000000 1.000000
0.350000 -0.750000 0.000000 1.000000
0.450000 -0.750000 0.000000 1.000000
0.500000 -0.750000 0.000000 1.000000
-0.500000 -0.625000 0.000000 1.000000
-0.450000 -0.625000 0.000000 1.000000
-0.350000 -0.625000 0.000000 1.000000
-0.200000 -0.625000 0.000000 1.000000
0.000000 -0.625000 0.000000 1.000000
0.200000 -0.625000 0.000000 1.000000
0.350000 -0.625000 0.000000 1.000000
0.450000 -0.625000 0.000000 1.000000
0.500000 -0.625000 0.000000 1.000000
-0.500000 -0.541667 0.000000 1.000000
-0.450000 -0.541667 0.000000 1.000000
-0.350000 -0.541667 0.000000 1.000000
-0.200000 -0.541667 0.000000 1.000000
-0.000000 -0.541667 0.000000 1.000000
0.200000 -0.541667 0.000000 1.000000
0.350000 -0.541667 0.000000 1.000000
0.450000 -0.541667 0.000000 1.000000
0.500000 -0.541667 0.000000 1.000000
-0.500000 -0.500000 0.000000 1.000000
-0.450000 -0.500000 0.000000 1.000000
-0.350000 -0.500000 0.000000 1.000000
-0.200000 -0.500000 0.000000 1.000000
-0.000000 -0.500000 0.000000 1.000000
0.200000 -0.500000 0.000000 1.000000
0.350000 -0.500000 0.000000 1.000000
0.450000 -0.500000 0.000000 1.000000
0.500000 -0.500000 0.000000 1.000000
