12
0 0.000000 0.000000 0.000000 0.000000 0.333333 0.666667 1.000000 1.000000 1.000000 1.000000 1
17
0 0.000000 0.000000 0.000000 0.000000 0.125000 0.250000 0.375000 0.500000 0.625000 0.750000 0.875000 1.000000 1.000000 1.000000 1.000000 1
84
-1.000000 0.433013 0.000000 1.000000
-0.937500 0.433013 0.000000 1.000000
-0.812500 0.433013 0.000000 1.000000
-0.625000 0.433013 0.000000 1.000000
-0.375000 0.433013 0.000000 1.000000
-0.125000 0.433013 0.000000 1.000000
0.125000 0.433013 0.000000 1.000000
0.375000 0.433013 0.000000 1.000000
0.625000 0.433013 0.000000 1.000000
0.812500 0.433013 0.000000 1.000000
0.937500 0.433013 0.000000 1.000000
1.000000 0.433013 0.000000 1.000000
-1.000000 0.480262 0.000000 1.000000
-0.937500 0.480262 0.000000 1.000000
-0.812500 0.480262 0.000000 1.000000
-0.625000 0.480262 0.000000 1.000000
-0.375000 0.480262 0.000000 1.000000
-0.125000 0.480262 0.000000 1.000000
0.125000 0.480262 0.000000 1.000000
0.375000 0.480262 0.000000 1.000000
0.625000 0.480262 0.000000 1.000000
0.812500 0.480262 0.000000 1.000000
0.937500 0.480262 0.000000 1.000000
1.000000 0.480262 0.000000 1.000000
-1.000000 0.574760 0.000000 1.000000
-0.937500 0.574760 0.000000 1.000000
-0.812500 0.574760 0.000000 1.000000
-0.625000 0.574760 0.000000 1.000000
-0.375000 0.574760 0.000000 1.000000
-0.125000 0.574760 0.000000 1.000000
0.125000 0.574760 0.000000 1.000000
0.375000 0.574760 0.000000 1.000000
0.625000 0.574760 0.000000 1.000000
0.812500 0.574760 0.000000 1.000000
0.937500 0.574760 0.000000 1.000000
1.000000 0.574760 0.000000 1.000000
-1.000000 0.716506 0.000000 1.000000
-0.937500 0.716506 0.000000 1.000000
-0.812500 0.716506 0.000000 1.000000
-0.625000 0.716506 0.000000 1.000000
-0.375000 0.716506 0.000000 1.000000
-0.125000 0.716506 0.000000 1.000000
0.125000 0.716506 0.000000 1.000000
0.375000 0.716506 0.000000 1.000000
0.625000 0.716506 0.000000 1.000000
0.812500 0.716506 0.000000 1.000000
0.937500 0.716506 0.000000 1.000000
1.000000 0.716506 0.000000 1.000000
-1.000000 0.858253 0.000000 1.000000
-0.937500 0.858253 0.000000 1.000000
-0.812500 0.858253 0.000000 1.000000
-0.625000 0.858253 0.000000 1.000000
-0.375000 0.858253 0.000000 1.000000
-0.125000 0.858253 0.000000 1.000000
0.125000 0.858253 0.000000 1.000000
0.375000 0.858253 0.000000 1.000000
0.625000 0.858253 0.000000 1.000000
0.812500 0.858253 0.000000 1.000000
0.937500 0.858253 0.000000 1.000000
1.000000 0.858253 0.000000 1.000000
-1.000000 0.952751 0.000000 1.000000
-0.937500 0.952751 0.000000 1.000000
-0.812500 0.952751 0.000000 1.000000
-0.625000 0.952751 0.000000 1.000000
-0.375000 0.952751 0.000000 1.000000
-0.125000 0.952751 0.000000 1.000000
0.125000 0.952751 0.000000 1.000000
0.375000 0.952751 0.000000 1.000000
0.625000 0.952751 0.000000 1.000000
0.812500 0.952751 0.000000 1.000000
0.937500 0.952751 0.000000 1.000000
1.000000 0.952751 0.000000 1.000000
-1.000000 1.000000 0.000000 1.000000
-0.937500 1.000000 0.000000 1.000000
-0.812500 1.000000 0.000000 1.000000
-0.625000 1.000000 0.000000 1.000000
-0.375000 1.000000 0.000000 1.000000
-0.125000 1.000000 0.000000 1.000000
0.125000 1.000000 0.000000 1.000000
0.375000 1.000000 0.000000 1.000000
0.625000 1.000000 0.000000 1.000000
0.812500 1.000000 0.000000 1.000000
0.937500 1.000000 0.000000 1.000000
1.000000 1.000000 0.000000 1.000000
