25
0 0.000000 0.000000 0.000000 0.000000 0.062500 0.125000 0.187500 0.250000 0.312500 0.375000 0.437500 0.500000 0.562500 0.625000 0.687500 0.750000 0.812500 0.875000 0.937500 1.000000 1.000000 1.000000 1.000000 1
24
0 0.000000 0.000000 0.000000 0.000000 0.066667 0.133333 0.200000 0.266667 0.333333 0.400000 0.466667 0.533333 0.600000 0.666667 0.733333 0.800000 0.866667 0.933333 1.000000 1.000000 1.000000 1.000000 1
380
0.000000 0.000000 0.000000 1.000000
0.016667 0.000000 0.000000 1.000000
0.050000 0.000000 0.000000 1.000000
0.100000 0.000000 0.000000 1.000000
0.166667 0.000000 0.000000 1.000000
0.233333 0.000000 0.000000 1.000000
0.300000 0.000000 0.000000 1.000000
0.366667 0.000000 0.000000 1.000000
0.433333 0.000000 0.000000 1.000000
0.500000 0.000000 0.000000 1.000000
0.566667 0.000000 0.000000 1.000000
0.633333 0.000000 0.000000 1.000000
0.700000 0.000000 0.000000 1.000000
0.766667 0.000000 0.000000 1.000000
0.833333 0.000000 0.000000 1.000000
0.900000 0.000000 0.000000 1.000000
0.950000 0.000000 0.000000 1.000000
0.983333 0.000000 0.000000 1.000000
1.000000 0.000000 0.000000 1.000000
0.000000 0.015625 0.000000 1.000000
0.016667 0.015625 0.000000 1.000000
0.050000 0.015625 0.000000 1.000000
0.100000 0.015625 0.000000 1.000000
0.166667 0.015625 0.000000 1.000000
0.233333 0.015625 0.000000 1.000000
0.300000 0.015625 0.000000 1.000000
0.366667 0.015625 0.000000 1.000000
0.433333 0.015625 0.000000 1.000000
0.500000 0.015625 0.000000 1.000000
0.566667 0.015625 0.000000 1.000000
0.633333 0.015625 0.000000 1.000000
0.700000 0.015625 0.000000 1.000000
0.766667 0.015625 0.000000 1.000000
0.833333 0.015625 0.000000 1.000000
0.900000 0.015625 0.000000 1.000000
0.950000 0.015625 0.000000 1.000000
0.983333 0.015625 0.000000 1.000000
1.000000 0.015625 0.000000 1.000000
0.000000 0.046875 0.000000 1.000000
0.016667 0.046875 0.000000 1.000000
0.050000 0.046875 0.000000 1.000000
0.100000 0.046875 0.000000 1.000000
0.166667 0.046875 0.000000 1.000000
0.233333 0.046875 0.000000 1.000000
0.300000 0.046875 0.000000 1.000000
0.366667 0.046875 0.000000 1.000000
0.433333 0.046875 0.000000 1.000000
0.500000 0.046875 0.000000 1.000000
0.566667 0.046875 0.000000 1.000000
0.633333 0.046875 0.000000 1.000000
0.700000 0.046875 0.000000 1.000000
0.766667 0.046875 0.000000 1.000000
0.833333 0.046875 0.000000 1.000000
0.900000 0.046875 0.000000 1.000000
0.950000 0.046875 0.000000 1.000000
0.983333 0.046875 0.000000 1.000000
1.000000 0.046875 0.000000 1.000000
0.000000 0.093750 0.000000 1.000000
0.016667 0.093750 0.000000 1.000000
0.050000 0.093750 0.000000 1.000000
0.100000 0.093750 0.000000 1.000000
0.166667 0.093750 0.000000 1.000000
0.233333 0.093750 0.000000 1.000000
0.300000 0.093750 0.000000 1.000000
0.366667 0.093750 0.000000 1.000000
0.433333 0.093750 0.000000 1.000000
0.500000 0.093750 0.000000 1.000000
0.566667 0.093750 0.000000 1.000000
0.633333 0.093750 0.000000 1.000000
0.700000 0.093750 0.000000 1.000000
0.766667 0.093750 0.000000 1.000000
0.833333 0.093750 0.000000 1.000000
0.900000 0.093750 0.000000 1.000000
0.950000 0.093750 0.000000 1.000000
0.983333 0.093750 0.000000 1.000000
1.000000 0.093750 0.000000 1.000000
0.000000 0.156250 0.000000 1.000000
0.016667 0.156250 0.000000 1.000000
0.050000 0.156250 0.000000 1.000000
0.100000 0.156250 0.000000 1.000000
0.166667 0.156250 0.000000 1.000000
0.233333 0.156250 0.000000 1.000000
0.300000 0.156250 0.000000 1.000000
0.366667 0.156250 0.000000 1.000000
0.433333 0.156250 0.000000 1.000000
0.500000 0.156250 0.000000 1.000000
0.566667 0.156250 0.000000 1.000000
0.633333 0.156250 0.000000 1.000000
0.700000 0.156250 0.000000 1.000000
0.766667 0.156250 0.000000 1.000000
0.833333 0.156250 0.000000 1.000000
0.900000 0.156250 0.000000 1.000000
0.950000 0.156250 0.000000 1.000000
0.983333 0.156250 0.000000 1.000000
1.000000 0.156250 0.000000 1.000000
0.000000 0.218750 0.000000 1.000000
0.016667 0.218750 0.000000 1.000000
0.050000 0.218750 0.000000 1.000000
0.100000 0.218750 0.000000 1.000000
0.166667 0.218750 0.000000 1.000000
0.233333 0.218750 0.000000 1.000000
0.300000 0.218750 0.000000 1.000000
0.366667 0.218750 0.000000 1.000000
0.433333 0.218750 0.000000 1.000000
0.500000 0.218750 0.000000 1.000000
0.566667 0.218750 0.000000 1.000000
0.633333 0.218750 0.000000 1.000000
0.700000 0.218750 0.000000 1.000000
0.766667 0.218750 0.000000 1.000000
0.833333 0.218750 0.000000 1.000000
0.900000 0.218750 0.000000 1.000000
0.950000 0.218750 0.000000 1.000000
0.983333 0.218750 0.000000 1.000000
1.000000 0.218750 0.000000 1.000000
0.000000 0.281250 0.000000 1.000000
0.016667 0.281250 0.000000 1.000000
0.050000 0.281250 0.000000 1.000000
0.100000 0.281250 0.000000 1.000000
0.166667 0.281250 0.000000 1.000000
0.233333 0.281250 0.000000 1.000000
0.300000 0.281250 0.000000 1.000000
0.366667 0.281250 0.000000 1.000000
0.433333 0.281250 0.000000 1.000000
0.500000 0.281250 0.000000 1.000000
0.566667 0.281250 0.000000 1.000000
0.633333 0.281250 0.000000 1.000000
0.700000 0.281250 0.000000 1.000000
0.766667 0.281250 0.000000 1.000000
0.833333 0.281250 0.000000 1.000000
0.900000 0.281250 0.000000 1.000000
0.950000 0.281250 0.000000 1.000000
0.983333 0.281250 0.000000 1.000000
1.000000 0.281250 0.000000 1.000000
0.000000 0.343750 0.000000 1.000000
0.016667 0.343750 0.000000 1.000000
0.050000 0.343750 0.000000 1.000000
0.100000 0.343750 0.000000 1.000000
0.166667 0.343750 0.000000 1.000000
0.233333 0.343750 0.000000 1.000000
0.300000 0.343750 0.000000 1.000000
0.366667 0.343750 0.000000 1.000000
0.433333 0.343750 0.000000 1.000000
0.500000 0.343750 0.000000 1.000000
0.566667 0.343750 0.000000 1.000000
0.633333 0.343750 0.000000 1.000000
0.700000 0.343750 0.000000 1.000000
0.766667 0.343750 0.000000 1.000000
0.833333 0.343750 0.000000 1.000000
0.900000 0.343750 0.000000 1.000000
0.950000 0.343750 0.000000 1.000000
0.983333 0.343750 0.000000 1.000000
1.000000 0.343750 0.000000 1.000000
0.000000 0.406250 0.000000 1.000000
0.016667 0.406250 0.000000 1.000000
0.050000 0.406250 0.000000 1.000000
0.100000 0.406250 0.000000 1.000000
0.166667 0.406250 0.000000 1.000000
0.233333 0.406250 0.000000 1.000000
0.300000 0.406250 0.000000 1.000000
0.366667 0.406250 0.000000 1.000000
0.433333 0.406250 0.000000 1.000000
0.500000 0.406250 0.000000 1.000000
0.566667 0.406250 0.000000 1.000000
0.633333 0.406250 0.000000 1.000000
0.700000 0.406250 0.000000 1.000000
0.766667 0.406250 0.000000 1.000000
0.833333 0.406250 0.000000 1.000000
0.900000 0.406250 0.000000 1.000000
0.950000 0.406250 0.000000 1.000000
0.983333 0.406250 0.000000 1.000000
1.000000 0.406250 0.000000 1.000000
0.000000 0.468750 0.000000 1.000000
0.016667 0.468750 0.000000 1.000000
0.050000 0.468750 0.000000 1.000000
0.100000 0.468750 0.000000 1.000000
0.166667 0.468750 0.000000 1.000000
0.233333 0.468750 0.000000 1.000000
0.300000 0.468750 0.000000 1.000000
0.366667 0.468750 0.000000 1.000000
0.433333 0.468750 0.000000 1.000000
0.500000 0.468750 0.000000 1.000000
0.566667 0.468750 0.000000 1.000000
0.633333 0.468750 0.000000 1.000000
0.700000 0.468750 0.000000 1.000000
0.766667 0.468750 0.000000 1.000000
0.833333 0.468750 0.000000 1.000000
0.900000 0.468750 0.000000 1.000000
0.950000 0.468750 0.000000 1.000000
0.983333 0.468750 0.000000 1.000000
1.000000 0.468750 0.000000 1.000000
0.000000 0.531250 0.000000 1.000000
0.016667 0.531250 0.000000 1.000000
0.050000 0.531250 0.000000 1.000000
0.100000 0.531250 0.000000 1.000000
0.166667 0.531250 0.000000 1.000000
0.233333 0.531250 0.000000 1.000000
0.300000 0.531250 0.000000 1.000000
0.366667 0.531250 0.000000 1.000000
0.433333 0.531250 0.000000 1.000000
0.500000 0.531250 0.000000 1.000000
0.566667 0.531250 0.000000 1.000000
0.633333 0.531250 0.000000 1.000000
0.700000 0.531250 0.000000 1.000000
0.766667 0.531250 0.000000 1.000000
0.833333 0.531250 0.000000 1.000000
0.900000 0.531250 0.000000 1.000000
0.950000 0.531250 0.000000 1.000000
0.983333 0.531250 0.000000 1.000000
1.000000 0.531250 0.000000 1.000000
0.000000 0.593750 0.000000 1.000000
0.016667 0.593750 0.000000 1.000000
0.050000 0.593750 0.000000 1.000000
0.100000 0.593750 0.000000 1.000000
0.166667 0.593750 0.000000 1.000000
0.233333 0.593750 0.000000 1.000000
0.300000 0.593750 0.000000 1.000000
0.366667 0.593750 0.000000 1.000000
0.433333 0.593750 0.000000 1.000000
0.500000 0.593750 0.000000 1.000000
0.566667 0.593750 0.000000 1.000000
0.633333 0.593750 0.000000 1.000000
0.700000 0.593750 0.000000 1.000000
0.766667 0.593750 0.000000 1.000000
0.833333 0.593750 0.000000 1.000000
0.900000 0.593750 0.000000 1.000000
0.950000 0.593750 0.000000 1.000000
0.983333 0.593750 0.000000 1.000000
1.000000 0.593750 0.000000 1.000000
0.000000 0.656250 0.000000 1.000000
0.016667 0.656250 0.000000 1.000000
0.050000 0.656250 0.000000 1.000000
0.100000 0.656250 0.000000 1.000000
0.166667 0.656250 0.000000 1.000000
0.233333 0.656250 0.000000 1.000000
0.300000 0.656250 0.000000 1.000000
0.366667 0.656250 0.000000 1.000000
0.433333 0.656250 0.000000 1.000000
0.500000 0.656250 0.000000 1.000000
0.566667 0.656250 0.000000 1.000000
0.633333 0.656250 0.000000 1.000000
0.700000 0.656250 0.000000 1.000000
0.766667 0.656250 0.000000 1.000000
0.833333 0.656250 0.000000 1.000000
0.900000 0.656250 0.000000 1.000000
0.950000 0.656250 0.000000 1.000000
0.983333 0.656250 0.000000 1.000000
1.000000 0.656250 0.000000 1.000000
0.000000 0.718750 0.000000 1.000000
0.016667 0.718750 0.000000 1.000000
0.050000 0.718750 0.000000 1.000000
0.100000 0.718750 0.000000 1.000000
0.166667 0.718750 0.000000 1.000000
0.233333 0.718750 0.000000 1.000000
0.300000 0.718750 0.000000 1.000000
0.366667 0.718750 0.000000 1.000000
0.433333 0.718750 0.000000 1.000000
0.500000 0.718750 0.000000 1.000000
0.566667 0.718750 0.000000 1.000000
0.633333 0.718750 0.000000 1.000000
0.700000 0.718750 0.000000 1.000000
0.766667 0.718750 0.000000 1.000000
0.833333 0.718750 0.000000 1.000000
0.900000 0.718750 0.000000 1.000000
0.950000 0.718750 0.000000 1.000000
0.983333 0.718750 0.000000 1.000000
1.000000 0.718750 0.000000 1.000000
0.000000 0.781250 0.000000 1.000000
0.016667 0.781250 0.000000 1.000000
0.050000 0.781250 0.000000 1.000000
0.100000 0.781250 0.000000 1.000000
0.166667 0.781250 0.000000 1.000000
0.233333 0.781250 0.000000 1.000000
0.300000 0.781250 0.000000 1.000000
0.366667 0.781250 0.000000 1.000000
0.433333 0.781250 0.000000 1.000000
0.500000 0.781250 0.000000 1.000000
0.566667 0.781250 0.000000 1.000000
0.633333 0.781250 0.000000 1.000000
0.700000 0.781250 0.000000 1.000000
0.766667 0.781250 0.000000 1.000000
0.833333 0.781250 0.000000 1.000000
0.900000 0.781250 0.000000 1.000000
0.950000 0.781250 0.000000 1.000000
0.983333 0.781250 0.000000 1.000000
1.000000 0.781250 0.000000 1.000000
0.000000 0.843750 0.000000 1.000000
0.016667 0.843750 0.000000 1.000000
0.050000 0.843750 0.000000 1.000000
0.100000 0.843750 0.000000 1.000000
0.166667 0.843750 0.000000 1.000000
0.233333 0.843750 0.000000 1.000000
0.300000 0.843750 0.000000 1.000000
0.366667 0.843750 0.000000 1.000000
0.433333 0.843750 0.000000 1.000000
0.500000 0.843750 0.000000 1.000000
0.566667 0.843750 0.000000 1.000000
0.633333 0.843750 0.000000 1.000000
0.700000 0.843750 0.000000 1.000000
0.766667 0.843750 0.000000 1.000000
0.833333 0.843750 0.000000 1.000000
0.900000 0.843750 0.000000 1.000000
0.950000 0.843750 0.000000 1.000000
0.983333 0.843750 0.000000 1.000000
1.000000 0.843750 0.000000 1.000000
0.000000 0.906250 0.000000 1.000000
0.016667 0.906250 0.000000 1.000000
0.050000 0.906250 0.000000 1.000000
0.100000 0.906250 0.000000 1.000000
0.166667 0.906250 0.000000 1.000000
0.233333 0.906250 0.000000 1.000000
0.300000 0.906250 0.000000 1.000000
0.366667 0.906250 0.000000 1.000000
0.433333 0.906250 0.000000 1.000000
0.500000 0.906250 0.000000 1.000000
0.566667 0.906250 0.000000 1.000000
0.633333 0.906250 0.000000 1.000000
0.700000 0.906250 0.000000 1.000000
0.766667 0.906250 0.000000 1.000000
0.833333 0.906250 0.000000 1.000000
0.900000 0.906250 0.000000 1.000000
0.950000 0.906250 0.000000 1.000000
0.983333 0.906250 0.000000 1.000000
1.000000 0.906250 0.000000 1.000000
0.000000 0.953125 0.000000 1.000000
0.016667 0.953125 0.000000 1.000000
0.050000 0.953125 0.000000 1.000000
0.100000 0.953125 0.000000 1.000000
0.166667 0.953125 0.000000 1.000000
0.233333 0.953125 0.000000 1.000000
0.300000 0.953125 0.000000 1.000000
0.366667 0.953125 0.000000 1.000000
0.433333 0.953125 0.000000 1.000000
0.500000 0.953125 0.000000 1.000000
0.566667 0.953125 0.000000 1.000000
0.633333 0.953125 0.000000 1.000000
0.700000 0.953125 0.000000 1.000000
0.766667 0.953125 0.000000 1.000000
0.833333 0.953125 0.000000 1.000000
0.900000 0.953125 0.000000 1.000000
0.950000 0.953125 0.000000 1.000000
0.983333 0.953125 0.000000 1.000000
1.000000 0.953125 0.000000 1.000000
0.000000 0.984375 0.000000 1.000000
0.016667 0.984375 0.000000 1.000000
0.050000 0.984375 0.000000 1.000000
0.100000 0.984375 0.000000 1.000000
0.166667 0.984375 0.000000 1.000000
0.233333 0.984375 0.000000 1.000000
0.300000 0.984375 0.000000 1.000000
0.366667 0.984375 0.000000 1.000000
0.433333 0.984375 0.000000 1.000000
0.500000 0.984375 0.000000 1.000000
0.566667 0.984375 0.000000 1.000000
0.633333 0.984375 0.000000 1.000000
0.700000 0.984375 0.000000 1.000000
0.766667 0.984375 0.000000 1.000000
0.833333 0.984375 0.000000 1.000000
0.900000 0.984375 0.000000 1.000000
0.950000 0.984375 0.000000 1.000000
0.983333 0.984375 0.000000 1.000000
1.000000 0.984375 0.000000 1.000000
0.000000 1.000000 0.000000 1.000000
0.016667 1.000000 0.000000 1.000000
0.050000 1.000000 0.000000 1.000000
0.100000 1.000000 0.000000 1.000000
0.166667 1.000000 0.000000 1.000000
0.233333 1.000000 0.000000 1.000000
0.300000 1.000000 0.000000 1.000000
0.366667 1.000000 0.000000 1.000000
0.433333 1.000000 0.000000 1.000000
0.500000 1.000000 0.000000 1.000000
0.566667 1.000000 0.000000 1.000000
0.633333 1.000000 0.000000 1.000000
0.700000 1.000000 0.000000 1.000000
0.766667 1.000000 0.000000 1.000000
0.833333 1.000000 0.000000 1.000000
0.900000 1.000000 0.000000 1.000000
0.950000 1.000000 0.000000 1.000000
0.983333 1.000000 0.000000 1.000000
1.000000 1.000000 0.000000 1.000000
