10
0 0.00000000 0.00000000 0.00000000 0.00000000 1.00000000 1.00000000 1.00000000 1.00000000 1
17
0 0.00000000 0.00000000 0.00000000 0.00000000 0.12500000 0.25000000 0.37500000 0.50000000 0.62500000 0.75000000 0.87500000 1.00000000 1.00000000 1.00000000 1.00000000 1
60
0.50000000 1.00000000 0.00000000 1.0000
0.50000000 0.96875000 0.00000000 1.0000
0.50000000 0.90625000 0.00000000 1.0000
0.50000000 0.81250000 0.00000000 1.0000
0.50000000 0.68750000 0.00000000 1.0000
0.50000000 0.56250000 0.00000000 1.0000
0.50000000 0.43750000 0.00000000 1.0000
0.50000000 0.31250000 0.00000000 1.0000
0.50000000 0.18750000 0.00000000 1.0000
0.50000000 0.09375000 0.00000000 1.0000
0.50000000 0.03125000 0.00000000 1.0000
0.50000000 0.00000000 0.00000000 1.0000
0.50000000 1.00000000 0.02500000 1.0000
0.50000000 0.96875000 0.02500000 1.0000
0.50000000 0.90625000 0.02500000 1.0000
0.50000000 0.81250000 0.02500000 1.0000
0.50000000 0.68750000 0.02500000 1.0000
0.50000000 0.56250000 0.02500000 1.0000
0.50000000 0.43750000 0.02500000 1.0000
0.50000000 0.31250000 0.02500000 1.0000
0.50000000 0.18750000 0.02500000 1.0000
0.50000000 0.09375000 0.02500000 1.0000
0.50000000 0.03125000 0.02500000 1.0000
0.50000000 0.00000000 0.02500000 1.0000
0.50000000 1.00000000 0.05000000 1.0000
0.50000000 0.96875000 0.05000000 1.0000
0.50000000 0.90625000 0.05000000 1.0000
0.50000000 0.81250000 0.05000000 1.0000
0.50000000 0.68750000 0.05000000 1.0000
0.50000000 0.56250000 0.05000000 1.0000
0.50000000 0.43750000 0.05000000 1.0000
0.50000000 0.31250000 0.05000000 1.0000
0.50000000 0.18750000 0.05000000 1.0000
0.50000000 0.09375000 0.05000000 1.0000
0.50000000 0.03125000 0.05000000 1.0000
0.50000000 0.00000000 0.05000000 1.0000
0.50000000 1.00000000 0.07500000 1.0000
0.50000000 0.96875000 0.07500000 1.0000
0.50000000 0.90625000 0.07500000 1.0000
0.50000000 0.81250000 0.07500000 1.0000
0.50000000 0.68750000 0.07500000 1.0000
0.50000000 0.56250000 0.07500000 1.0000
0.50000000 0.43750000 0.07500000 1.0000
0.50000000 0.31250000 0.07500000 1.0000
0.50000000 0.18750000 0.07500000 1.0000
0.50000000 0.09375000 0.07500000 1.0000
0.50000000 0.03125000 0.07500000 1.0000
0.50000000 0.00000000 0.07500000 1.0000
0.50000000 1.00000000 0.10000000 1.0000
0.50000000 0.96875000 0.10000000 1.0000
0.50000000 0.90625000 0.10000000 1.0000
0.50000000 0.81250000 0.10000000 1.0000
0.50000000 0.68750000 0.10000000 1.0000
0.50000000 0.56250000 0.10000000 1.0000
0.50000000 0.43750000 0.10000000 1.0000
0.50000000 0.31250000 0.10000000 1.0000
0.50000000 0.18750000 0.10000000 1.0000
0.50000000 0.09375000 0.10000000 1.0000
0.50000000 0.03125000 0.10000000 1.0000
0.50000000 0.00000000 0.10000000 1.0000
