7
0 0.00000000 0.00000000 0.50000000 1.00000000 1.00000000 1
7
0 0.00000000 0.00000000 0.50000000 1.00000000 1.00000000 1
16
0.00000000 0.00000000 0.00000000 1.0000
0.25000000 0.00000000 0.00000000 1.0000
0.75000000 0.00000000 0.00000000 1.0000
1.00000000 0.00000000 0.00000000 1.0000
0.00000000 0.20000000 0.00000000 1.0000
0.25000000 0.20000000 0.00000000 1.0000
0.75000000 0.20000000 0.00000000 1.0000
1.00000000 0.20000000 0.00000000 1.0000
0.00000000 0.60000000 0.00000000 1.0000
0.25000000 0.60000000 0.00000000 1.0000
0.75000000 0.60000000 0.00000000 1.0000
1.00000000 0.60000000 0.00000000 1.0000
0.00000000 0.80000000 0.00000000 1.0000
0.25000000 0.80000000 0.00000000 1.0000
0.75000000 0.80000000 0.00000000 1.0000
1.00000000 0.80000000 0.00000000 1.0000
