12
0 0.000000 0.000000 0.000000 0.000000 0.333333 0.666667 1.000000 1.000000 1.000000 1.000000 1
17
0 0.000000 0.000000 0.000000 0.000000 0.125000 0.250000 0.375000 0.500000 0.625000 0.750000 0.875000 1.000000 1.000000 1.000000 1.000000 1
84
0.000000 -0.400000 0.000000 1.000000
0.031250 -0.400000 0.000000 1.000000
0.093750 -0.400000 0.000000 1.000000
0.187500 -0.400000 0.000000 1.000000
0.312500 -0.400000 0.000000 1.000000
0.437500 -0.400000 0.000000 1.000000
0.562500 -0.400000 0.000000 1.000000
0.687500 -0.400000 0.000000 1.000000
0.812500 -0.400000 0.000000 1.000000
0.906250 -0.400000 0.000000 1.000000
0.968750 -0.400000 0.000000 1.000000
1.000000 -0.400000 0.000000 1.000000
0.000000 -0.366667 0.000000 1.000000
0.031250 -0.366667 0.000000 1.000000
0.093750 -0.366667 0.000000 1.000000
0.187500 -0.366667 0.000000 1.000000
0.312500 -0.366667 0.000000 1.000000
0.437500 -0.366667 0.000000 1.000000
0.562500 -0.366667 0.000000 1.000000
0.687500 -0.366667 0.000000 1.000000
0.812500 -0.366667 0.000000 1.000000
0.906250 -0.366667 0.000000 1.000000
0.968750 -0.366667 0.000000 1.000000
1.000000 -0.366667 0.000000 1.000000
0.000000 -0.300000 0.000000 1.000000
0.031250 -0.300000 0.000000 1.000000
0.093750 -0.300000 0.000000 1.000000
0.187500 -0.300000 0.000000 1.000000
0.312500 -0.300000 0.000000 1.000000
0.437500 -0.300000 0.000000 1.000000
0.562500 -0.300000 0.000000 1.000000
0.687500 -0.300000 0.000000 1.000000
0.812500 -0.300000 0.000000 1.000000
0.906250 -0.300000 0.000000 1.000000
0.968750 -0.300000 0.000000 1.000000
1.000000 -0.300000 0.000000 1.000000
0.000000 -0.200000 0.000000 1.000000
0.031250 -0.200000 0.000000 1.000000
0.093750 -0.200000 0.000000 1.000000
0.187500 -0.200000 0.000000 1.000000
0.312500 -0.200000 0.000000 1.000000
0.437500 -0.200000 0.000000 1.000000
0.562500 -0.200000 0.000000 1.000000
0.687500 -0.200000 0.000000 1.000000
0.812500 -0.200000 0.000000 1.000000
0.906250 -0.200000 0.000000 1.000000
0.968750 -0.200000 0.000000 1.000000
1.000000 -0.200000 0.000000 1.000000
0.000000 -0.100000 0.000000 1.000000
0.031250 -0.100000 0.000000 1.000000
0.093750 -0.100000 0.000000 1.000000
0.187500 -0.100000 0.000000 1.000000
0.312500 -0.100000 0.000000 1.000000
0.437500 -0.100000 0.000000 1.000000
0.562500 -0.100000 0.000000 1.000000
0.687500 -0.100000 0.000000 1.000000
0.812500 -0.100000 0.000000 1.000000
0.906250 -0.100000 0.000000 1.000000
0.968750 -0.100000 0.000000 1.000000
1.000000 -0.100000 0.000000 1.000000
0.000000 -0.033333 0.000000 1.000000
0.031250 -0.033333 0.000000 1.000000
0.093750 -0.033333 0.000000 1.000000
0.187500 -0.033333 0.000000 1.000000
0.312500 -0.033333 0.000000 1.000000
0.437500 -0.033333 0.000000 1.000000
0.562500 -0.033333 0.000000 1.000000
0.687500 -0.033333 0.000000 1.000000
0.812500 -0.033333 0.000000 1.000000
0.906250 -0.033333 0.000000 1.000000
0.968750 -0.033333 0.000000 1.000000
1.000000 -0.033333 0.000000 1.000000
0.000000 0.000000 0.000000 1.000000
0.031250 0.000000 0.000000 1.000000
0.093750 0.000000 0.000000 1.000000
0.187500 0.000000 0.000000 1.000000
0.312500 0.000000 0.000000 1.000000
0.437500 0.000000 0.000000 1.000000
0.562500 0.000000 0.000000 1.000000
0.687500 0.000000 0.000000 1.000000
0.812500 0.000000 0.000000 1.000000
0.906250 0.000000 0.000000 1.000000
0.968750 0.000000 0.000000 1.000000
1.000000 0.000000 0.000000 1.000000
