13
0 0.00000000 0.00000000 0.00000000 0.00000000 0.25000000 0.50000000 0.75000000 1.00000000 1.00000000 1.00000000 1.00000000 1
21
0 0.00000000 0.00000000 0.00000000 0.00000000 0.08333333 0.16666667 0.25000000 0.33333333 0.41666667 0.50000000 0.58333333 0.66666667 0.75000000 0.83333333 0.91666667 1.00000000 1.00000000 1.00000000 1.00000000 1
128
-0.07725000 0.00000000 -0.00000000 1.0000
-0.07724792 -0.00505586 -0.00000000 1.0000
-0.07636353 -0.01516695 -0.00000000 1.0000
-0.07239913 -0.02998801 -0.00000000 1.0000
-0.06216706 -0.04770169 -0.00000000 1.0000
-0.04770418 -0.06216577 -0.00000000 1.0000
-0.02999107 -0.07240005 -0.00000000 1.0000
-0.01022684 -0.07767736 -0.00000000 1.0000
0.01022605 -0.07767701 -0.00000000 1.0000
0.02999012 -0.07239923 -0.00000000 1.0000
0.04770315 -0.06216485 -0.00000000 1.0000
0.06216618 -0.04770101 -0.00000000 1.0000
0.07239919 -0.02998795 -0.00000000 1.0000
0.07636445 -0.01516705 -0.00000000 1.0000
0.07724848 -0.00505586 -0.00000000 1.0000
0.07725000 -0.00000000 -0.00000000 1.0000
-0.07725000 0.00000000 0.00433125 1.0000
-0.07724792 -0.00505586 0.00433125 1.0000
-0.07636353 -0.01516695 0.00433125 1.0000
-0.07239913 -0.02998801 0.00433125 1.0000
-0.06216706 -0.04770169 0.00433125 1.0000
-0.04770418 -0.06216577 0.00433125 1.0000
-0.02999107 -0.07240005 0.00433125 1.0000
-0.01022684 -0.07767736 0.00433125 1.0000
0.01022605 -0.07767701 0.00433125 1.0000
0.02999012 -0.07239923 0.00433125 1.0000
0.04770315 -0.06216485 0.00433125 1.0000
0.06216618 -0.04770101 0.00433125 1.0000
0.07239919 -0.02998795 0.00433125 1.0000
0.07636445 -0.01516705 0.00433125 1.0000
0.07724848 -0.00505586 0.00433125 1.0000
0.07725000 -0.00000000 0.00433125 1.0000
-0.07725000 0.00000000 0.01299375 1.0000
-0.07724792 -0.00505586 0.01299375 1.0000
-0.07636353 -0.01516695 0.01299375 1.0000
-0.07239913 -0.02998801 0.01299375 1.0000
-0.06216706 -0.04770169 0.01299375 1.0000
-0.04770418 -0.06216577 0.01299375 1.0000
-0.02999107 -0.07240005 0.01299375 1.0000
-0.01022684 -0.07767736 0.01299375 1.0000
0.01022605 -0.07767701 0.01299375 1.0000
0.02999012 -0.07239923 0.01299375 1.0000
0.04770315 -0.06216485 0.01299375 1.0000
0.06216618 -0.04770101 0.01299375 1.0000
0.07239919 -0.02998795 0.01299375 1.0000
0.07636445 -0.01516705 0.01299375 1.0000
0.07724848 -0.00505586 0.01299375 1.0000
0.07725000 -0.00000000 0.01299375 1.0000
-0.07725000 0.00000000 0.02598750 1.0000
-0.07724792 -0.00505586 0.02598750 1.0000
-0.07636353 -0.01516695 0.02598750 1.0000
-0.07239913 -0.02998801 0.02598750 1.0000
-0.06216706 -0.04770169 0.02598750 1.0000
-0.04770418 -0.06216577 0.02598750 1.0000
-0.02999107 -0.07240005 0.02598750 1.0000
-0.01022684 -0.07767736 0.02598750 1.0000
0.01022605 -0.07767701 0.02598750 1.0000
0.02999012 -0.07239923 0.02598750 1.0000
0.04770315 -0.06216485 0.02598750 1.0000
0.06216618 -0.04770101 0.02598750 1.0000
0.07239919 -0.02998795 0.02598750 1.0000
0.07636445 -0.01516705 0.02598750 1.0000
0.07724848 -0.00505586 0.02598750 1.0000
0.07725000 -0.00000000 0.02598750 1.0000
-0.07725000 0.00000000 0.04331250 1.0000
-0.07724792 -0.00505586 0.04331250 1.0000
-0.07636353 -0.01516695 0.04331250 1.0000
-0.07239913 -0.02998801 0.04331250 1.0000
-0.06216706 -0.04770169 0.04331250 1.0000
-0.04770418 -0.06216577 0.04331250 1.0000
-0.02999107 -0.07240005 0.04331250 1.0000
-0.01022684 -0.07767736 0.04331250 1.0000
0.01022605 -0.07767701 0.04331250 1.0000
0.02999012 -0.07239923 0.04331250 1.0000
0.04770315 -0.06216485 0.04331250 1.0000
0.06216618 -0.04770101 0.04331250 1.0000
0.07239919 -0.02998795 0.04331250 1.0000
0.07636445 -0.01516705 0.04331250 1.0000
0.07724848 -0.00505586 0.04331250 1.0000
0.07725000 -0.00000000 0.04331250 1.0000
-0.07725000 0.00000000 0.05630625 1.0000
-0.07724792 -0.00505586 0.05630625 1.0000
-0.07636353 -0.01516695 0.05630625 1.0000
-0.07239913 -0.02998801 0.05630625 1.0000
-0.06216706 -0.04770169 0.05630625 1.0000
-0.04770418 -0.06216577 0.05630625 1.0000
-0.02999107 -0.07240005 0.05630625 1.0000
-0.01022684 -0.07767736 0.05630625 1.0000
0.01022605 -0.07767701 0.05630625 1.0000
0.02999012 -0.07239923 0.05630625 1.0000
0.04770315 -0.06216485 0.05630625 1.0000
0.06216618 -0.04770101 0.05630625 1.0000
0.07239919 -0.02998795 0.05630625 1.0000
0.07636445 -0.01516705 0.05630625 1.0000
0.07724848 -0.00505586 0.05630625 1.0000
0.07725000 -0.00000000 0.05630625 1.0000
-0.07725000 0.00000000 0.06496875 1.0000
-0.07724792 -0.00505586 0.06496875 1.0000
-0.07636353 -0.01516695 0.06496875 1.0000
-0.07239913 -0.02998801 0.06496875 1.0000
-0.06216706 -0.04770169 0.06496875 1.0000
-0.04770418 -0.06216577 0.06496875 1.0000
-0.02999107 -0.07240005 0.06496875 1.0000
-0.01022684 -0.07767736 0.06496875 1.0000
0.01022605 -0.07767701 0.06496875 1.0000
0.02999012 -0.07239923 0.06496875 1.0000
0.04770315 -0.06216485 0.06496875 1.0000
0.06216618 -0.04770101 0.06496875 1.0000
0.07239919 -0.02998795 0.06496875 1.0000
0.07636445 -0.01516705 0.06496875 1.0000
0.07724848 -0.00505586 0.06496875 1.0000
0.07725000 -0.00000000 0.06496875 1.0000
-0.07725000 0.00000000 0.06930000 1.0000
-0.07724792 -0.00505586 0.06930000 1.0000
-0.07636353 -0.01516695 0.06930000 1.0000
-0.07239913 -0.02998801 0.06930000 1.0000
-0.06216706 -0.04770169 0.06930000 1.0000
-0.04770418 -0.06216577 0.06930000 1.0000
-0.02999107 -0.07240005 0.06930000 1.0000
-0.01022684 -0.07767736 0.06930000 1.0000
0.01022605 -0.07767701 0.06930000 1.0000
0.02999012 -0.07239923 0.06930000 1.0000
0.04770315 -0.06216485 0.06930000 1.0000
0.06216618 -0.04770101 0.06930000 1.0000
0.07239919 -0.02998795 0.06930000 1.0000
0.07636445 -0.01516705 0.06930000 1.0000
0.07724848 -0.00505586 0.06930000 1.0000
0.07725000 -0.00000000 0.06930000 1.0000
