10
0 0.00000000 0.00000000 0.00000000 0.00000000 1.00000000 1.00000000 1.00000000 1.00000000 1
13
0 0.00000000 0.00000000 0.00000000 0.00000000 0.25000000 0.50000000 0.75000000 1.00000000 1.00000000 1.00000000 1.00000000 1
40
0.00000000 -0.20000000 0.00000000 1.0000
0.06250000 -0.20000000 0.00000000 1.0000
0.18750000 -0.20000000 0.00000000 1.0000
0.37500000 -0.20000000 0.00000000 1.0000
0.62500000 -0.20000000 0.00000000 1.0000
0.81250000 -0.20000000 0.00000000 1.0000
0.93750000 -0.20000000 0.00000000 1.0000
1.00000000 -0.20000000 0.00000000 1.0000
0.00000000 -0.15000000 0.00000000 1.0000
0.06250000 -0.15000000 0.00000000 1.0000
0.18750000 -0.15000000 0.00000000 1.0000
0.37500000 -0.15000000 0.00000000 1.0000
0.62500000 -0.15000000 0.00000000 1.0000
0.81250000 -0.15000000 0.00000000 1.0000
0.93750000 -0.15000000 0.00000000 1.0000
1.00000000 -0.15000000 0.00000000 1.0000
0.00000000 -0.10000000 0.00000000 1.0000
0.06250000 -0.10000000 0.00000000 1.0000
0.18750000 -0.10000000 0.00000000 1.0000
0.37500000 -0.10000000 0.00000000 1.0000
0.62500000 -0.10000000 0.00000000 1.0000
0.81250000 -0.10000000 0.00000000 1.0000
0.93750000 -0.10000000 0.00000000 1.0000
1.00000000 -0.10000000 0.00000000 1.0000
0.00000000 -0.05000000 0.00000000 1.0000
0.06250000 -0.05000000 0.00000000 1.0000
0.18750000 -0.05000000 0.00000000 1.0000
0.37500000 -0.05000000 0.00000000 1.0000
0.62500000 -0.05000000 0.00000000 1.0000
0.81250000 -0.05000000 0.00000000 1.0000
0.93750000 -0.05000000 0.00000000 1.0000
1.00000000 -0.05000000 0.00000000 1.0000
0.00000000 0.00000000 0.00000000 1.0000
0.06250000 0.00000000 0.00000000 1.0000
0.18750000 0.00000000 0.00000000 1.0000
0.37500000 0.00000000 0.00000000 1.0000
0.62500000 0.00000000 0.00000000 1.0000
0.81250000 0.00000000 0.00000000 1.0000
0.93750000 0.00000000 0.00000000 1.0000
1.00000000 0.00000000 0.00000000 1.0000
