17
0 0.00000000 0.00000000 0.00000000 0.00000000 0.12500000 0.25000000 0.37500000 0.50000000 0.62500000 0.75000000 0.87500000 1.00000000 1.00000000 1.00000000 1.00000000 1
18
0 0.00000000 0.00000000 0.00000000 0.00000000 0.11111111 0.22222222 0.33333333 0.44444444 0.55555556 0.66666667 0.77777778 0.88888889 1.00000000 1.00000000 1.00000000 1.00000000 1
156
0.00000000 0.00000000 0.00000000 1.0000
0.02777778 0.00000000 0.00000000 1.0000
0.08333333 0.00000000 0.00000000 1.0000
0.16666667 0.00000000 0.00000000 1.0000
0.27777778 0.00000000 0.00000000 1.0000
0.38888889 0.00000000 0.00000000 1.0000
0.50000000 0.00000000 0.00000000 1.0000
0.61111111 0.00000000 0.00000000 1.0000
0.72222222 0.00000000 0.00000000 1.0000
0.83333333 0.00000000 0.00000000 1.0000
0.91666667 0.00000000 0.00000000 1.0000
0.97222222 0.00000000 0.00000000 1.0000
1.00000000 0.00000000 0.00000000 1.0000
0.00000000 0.02500000 0.00000000 1.0000
0.02777778 0.02500000 0.00000000 1.0000
0.08333333 0.02500000 0.00000000 1.0000
0.16666667 0.02500000 0.00000000 1.0000
0.27777778 0.02500000 0.00000000 1.0000
0.38888889 0.02500000 0.00000000 1.0000
0.50000000 0.02500000 0.00000000 1.0000
0.61111111 0.02500000 0.00000000 1.0000
0.72222222 0.02500000 0.00000000 1.0000
0.83333333 0.02500000 0.00000000 1.0000
0.91666667 0.02500000 0.00000000 1.0000
0.97222222 0.02500000 0.00000000 1.0000
1.00000000 0.02500000 0.00000000 1.0000
0.00000000 0.07500000 0.00000000 1.0000
0.02777778 0.07500000 0.00000000 1.0000
0.08333333 0.07500000 0.00000000 1.0000
0.16666667 0.07500000 0.00000000 1.0000
0.27777778 0.07500000 0.00000000 1.0000
0.38888889 0.07500000 0.00000000 1.0000
0.50000000 0.07500000 0.00000000 1.0000
0.61111111 0.07500000 0.00000000 1.0000
0.72222222 0.07500000 0.00000000 1.0000
0.83333333 0.07500000 0.00000000 1.0000
0.91666667 0.07500000 0.00000000 1.0000
0.97222222 0.07500000 0.00000000 1.0000
1.00000000 0.07500000 0.00000000 1.0000
0.00000000 0.15000000 0.00000000 1.0000
0.02777778 0.15000000 0.00000000 1.0000
0.08333333 0.15000000 0.00000000 1.0000
0.16666667 0.15000000 0.00000000 1.0000
0.27777778 0.15000000 0.00000000 1.0000
0.38888889 0.15000000 0.00000000 1.0000
0.50000000 0.15000000 0.00000000 1.0000
0.61111111 0.15000000 0.00000000 1.0000
0.72222222 0.15000000 0.00000000 1.0000
0.83333333 0.15000000 0.00000000 1.0000
0.91666667 0.15000000 0.00000000 1.0000
0.97222222 0.15000000 0.00000000 1.0000
1.00000000 0.15000000 0.00000000 1.0000
0.00000000 0.25000000 0.00000000 1.0000
0.02777778 0.25000000 0.00000000 1.0000
0.08333333 0.25000000 0.00000000 1.0000
0.16666667 0.25000000 0.00000000 1.0000
0.27777778 0.25000000 0.00000000 1.0000
0.38888889 0.25000000 0.00000000 1.0000
0.50000000 0.25000000 0.00000000 1.0000
0.61111111 0.25000000 0.00000000 1.0000
0.72222222 0.25000000 0.00000000 1.0000
0.83333333 0.25000000 0.00000000 1.0000
0.91666667 0.25000000 0.00000000 1.0000
0.97222222 0.25000000 0.00000000 1.0000
1.00000000 0.25000000 0.00000000 1.0000
0.00000000 0.35000000 0.00000000 1.0000
0.02777778 0.35000000 0.00000000 1.0000
0.08333333 0.35000000 0.00000000 1.0000
0.16666667 0.35000000 0.00000000 1.0000
0.27777778 0.35000000 0.00000000 1.0000
0.38888889 0.35000000 0.00000000 1.0000
0.50000000 0.35000000 0.00000000 1.0000
0.61111111 0.35000000 0.00000000 1.0000
0.72222222 0.35000000 0.00000000 1.0000
0.83333333 0.35000000 0.00000000 1.0000
0.91666667 0.35000000 0.00000000 1.0000
0.97222222 0.35000000 0.00000000 1.0000
1.00000000 0.35000000 0.00000000 1.0000
0.00000000 0.45000000 0.00000000 1.0000
0.02777778 0.45000000 0.00000000 1.0000
0.08333333 0.45000000 0.00000000 1.0000
0.16666667 0.45000000 0.00000000 1.0000
0.27777778 0.45000000 0.00000000 1.0000
0.38888889 0.45000000 0.00000000 1.0000
0.50000000 0.45000000 0.00000000 1.0000
0.61111111 0.45000000 0.00000000 1.0000
0.72222222 0.45000000 0.00000000 1.0000
0.83333333 0.45000000 0.00000000 1.0000
0.91666667 0.45000000 0.00000000 1.0000
0.97222222 0.45000000 0.00000000 1.0000
1.00000000 0.45000000 0.00000000 1.0000
0.00000000 0.55000000 0.00000000 1.0000
0.02777778 0.55000000 0.00000000 1.0000
0.08333333 0.55000000 0.00000000 1.0000
0.16666667 0.55000000 0.00000000 1.0000
0.27777778 0.55000000 0.00000000 1.0000
0.38888889 0.55000000 0.00000000 1.0000
0.50000000 0.55000000 0.00000000 1.0000
0.61111111 0.55000000 0.00000000 1.0000
0.72222222 0.55000000 0.00000000 1.0000
0.83333333 0.55000000 0.00000000 1.0000
0.91666667 0.55000000 0.00000000 1.0000
0.97222222 0.55000000 0.00000000 1.0000
1.00000000 0.55000000 0.00000000 1.0000
0.00000000 0.65000000 0.00000000 1.0000
0.02777778 0.65000000 0.00000000 1.0000
0.08333333 0.65000000 0.00000000 1.0000
0.16666667 0.65000000 0.00000000 1.0000
0.27777778 0.65000000 0.00000000 1.0000
0.38888889 0.65000000 0.00000000 1.0000
0.50000000 0.65000000 0.00000000 1.0000
0.61111111 0.65000000 0.00000000 1.0000
0.72222222 0.65000000 0.00000000 1.0000
0.83333333 0.65000000 0.00000000 1.0000
0.91666667 0.65000000 0.00000000 1.0000
0.97222222 0.65000000 0.00000000 1.0000
1.00000000 0.65000000 0.00000000 1.0000
0.00000000 0.72500000 0.00000000 1.0000
0.02777778 0.72500000 0.00000000 1.0000
0.08333333 0.72500000 0.00000000 1.0000
0.16666667 0.72500000 0.00000000 1.0000
0.27777778 0.72500000 0.00000000 1.0000
0.38888889 0.72500000 0.00000000 1.0000
0.50000000 0.72500000 0.00000000 1.0000
0.61111111 0.72500000 0.00000000 1.0000
0.72222222 0.72500000 0.00000000 1.0000
0.83333333 0.72500000 0.00000000 1.0000
0.91666667 0.72500000 0.00000000 1.0000
0.97222222 0.72500000 0.00000000 1.0000
1.00000000 0.72500000 0.00000000 1.0000
0.00000000 0.77500000 0.00000000 1.0000
0.02777778 0.77500000 0.00000000 1.0000
0.08333333 0.77500000 0.00000000 1.0000
0.16666667 0.77500000 0.00000000 1.0000
0.27777778 0.77500000 0.00000000 1.0000
0.38888889 0.77500000 0.00000000 1.0000
0.50000000 0.77500000 0.00000000 1.0000
0.61111111 0.77500000 0.00000000 1.0000
0.72222222 0.77500000 0.00000000 1.0000
0.83333333 0.77500000 0.00000000 1.0000
0.91666667 0.77500000 0.00000000 1.0000
0.97222222 0.77500000 0.00000000 1.0000
1.00000000 0.77500000 0.00000000 1.0000
0.00000000 0.80000000 0.00000000 1.0000
0.02777778 0.80000000 0.00000000 1.0000
0.08333333 0.80000000 0.00000000 1.0000
0.16666667 0.80000000 0.00000000 1.0000
0.27777778 0.80000000 0.00000000 1.0000
0.38888889 0.80000000 0.00000000 1.0000
0.50000000 0.80000000 0.00000000 1.0000
0.61111111 0.80000000 0.00000000 1.0000
0.72222222 0.80000000 0.00000000 1.0000
0.83333333 0.80000000 0.00000000 1.0000
0.91666667 0.80000000 0.00000000 1.0000
0.97222222 0.80000000 0.00000000 1.0000
1.00000000 0.80000000 0.00000000 1.0000
