23
0.0 0.000000 0.000000 0.000000 0.000000 0.000000 0.000000 0.000000 0.000000 1.000000 2.000000 3.000000 4.000000 5.000000 6.000000 6.000000 6.000000 6.000000 6.000000 6.000000 6.000000 6.000000 6.0
15
0.0 0.000000 0.000000 0.000000 0.000000 0.000000 1.000000 2.000000 3.000000 4.000000 4.000000 4.000000 4.000000 4.000000 4.0
126
0.077250 0.000000 0.000000 1.000000
0.077250 0.000000 0.011550 1.000000
0.077250 0.000000 0.034650 1.000000
0.077250 0.000000 0.069300 1.000000
0.077250 0.000000 0.115500 1.000000
0.077250 0.000000 0.161700 1.000000
0.077250 0.000000 0.196350 1.000000
0.077250 0.000000 0.219450 1.000000
0.077250 0.000000 0.231000 1.000000
0.077250 0.005056 0.000000 1.000000
0.077250 0.005056 0.011550 1.000000
0.077250 0.005056 0.034650 1.000000
0.077250 0.005056 0.069300 1.000000
0.077250 0.005056 0.115500 1.000000
0.077250 0.005056 0.161700 1.000000
0.077250 0.005056 0.196350 1.000000
0.077250 0.005056 0.219450 1.000000
0.077250 0.005056 0.231000 1.000000
0.076494 0.015168 0.000000 1.000000
0.076494 0.015168 0.011550 1.000000
0.076494 0.015168 0.034650 1.000000
0.076494 0.015168 0.069300 1.000000
0.076494 0.015168 0.115500 1.000000
0.076494 0.015168 0.161700 1.000000
0.076494 0.015168 0.196350 1.000000
0.076494 0.015168 0.219450 1.000000
0.076494 0.015168 0.231000 1.000000
0.073090 0.030138 0.000000 1.000000
0.073090 0.030138 0.011550 1.000000
0.073090 0.030138 0.034650 1.000000
0.073090 0.030138 0.069300 1.000000
0.073090 0.030138 0.115500 1.000000
0.073090 0.030138 0.161700 1.000000
0.073090 0.030138 0.196350 1.000000
0.073090 0.030138 0.219450 1.000000
0.073090 0.030138 0.231000 1.000000
0.064096 0.048910 0.000000 1.000000
0.064096 0.048910 0.011550 1.000000
0.064096 0.048910 0.034650 1.000000
0.064096 0.048910 0.069300 1.000000
0.064096 0.048910 0.115500 1.000000
0.064096 0.048910 0.161700 1.000000
0.064096 0.048910 0.196350 1.000000
0.064096 0.048910 0.219450 1.000000
0.064096 0.048910 0.231000 1.000000
0.046051 0.068469 0.000000 1.000000
0.046051 0.068469 0.011550 1.000000
0.046051 0.068469 0.034650 1.000000
0.046051 0.068469 0.069300 1.000000
0.046051 0.068469 0.115500 1.000000
0.046051 0.068469 0.161700 1.000000
0.046051 0.068469 0.196350 1.000000
0.046051 0.068469 0.219450 1.000000
0.046051 0.068469 0.231000 1.000000
0.016623 0.082717 0.000000 1.000000
0.016623 0.082717 0.011550 1.000000
0.016623 0.082717 0.034650 1.000000
0.016623 0.082717 0.069300 1.000000
0.016623 0.082717 0.115500 1.000000
0.016623 0.082717 0.161700 1.000000
0.016623 0.082717 0.196350 1.000000
0.016623 0.082717 0.219450 1.000000
0.016623 0.082717 0.231000 1.000000
-0.016623 0.082717 0.000000 1.000000
-0.016623 0.082717 0.011550 1.000000
-0.016623 0.082717 0.034650 1.000000
-0.016623 0.082717 0.069300 1.000000
-0.016623 0.082717 0.115500 1.000000
-0.016623 0.082717 0.161700 1.000000
-0.016623 0.082717 0.196350 1.000000
-0.016623 0.082717 0.219450 1.000000
-0.016623 0.082717 0.231000 1.000000
-0.046051 0.068469 0.000000 1.000000
-0.046051 0.068469 0.011550 1.000000
-0.046051 0.068469 0.034650 1.000000
-0.046051 0.068469 0.069300 1.000000
-0.046051 0.068469 0.115500 1.000000
-0.046051 0.068469 0.161700 1.000000
-0.046051 0.068469 0.196350 1.000000
-0.046051 0.068469 0.219450 1.000000
-0.046051 0.068469 0.231000 1.000000
-0.064096 0.048910 0.000000 1.000000
-0.064096 0.048910 0.011550 1.000000
-0.064096 0.048910 0.034650 1.000000
-0.064096 0.048910 0.069300 1.000000
-0.064096 0.048910 0.115500 1.000000
-0.064096 0.048910 0.161700 1.000000
-0.064096 0.048910 0.196350 1.000000
-0.064096 0.048910 0.219450 1.000000
-0.064096 0.048910 0.231000 1.000000
-0.073090 0.030138 0.000000 1.000000
-0.073090 0.030138 0.011550 1.000000
-0.073090 0.030138 0.034650 1.000000
-0.073090 0.030138 0.069300 1.000000
-0.073090 0.030138 0.115500 1.000000
-0.073090 0.030138 0.161700 1.000000
-0.073090 0.030138 0.196350 1.000000
-0.073090 0.030138 0.219450 1.000000
-0.073090 0.030138 0.231000 1.000000
-0.076494 0.015168 0.000000 1.000000
-0.076494 0.015168 0.011550 1.000000
-0.076494 0.015168 0.034650 1.000000
-0.076494 0.015168 0.069300 1.000000
-0.076494 0.015168 0.115500 1.000000
-0.076494 0.015168 0.161700 1.000000
-0.076494 0.015168 0.196350 1.000000
-0.076494 0.015168 0.219450 1.000000
-0.076494 0.015168 0.231000 1.000000
-0.077250 0.005056 0.000000 1.000000
-0.077250 0.005056 0.011550 1.000000
-0.077250 0.005056 0.034650 1.000000
-0.077250 0.005056 0.069300 1.000000
-0.077250 0.005056 0.115500 1.000000
-0.077250 0.005056 0.161700 1.000000
-0.077250 0.005056 0.196350 1.000000
-0.077250 0.005056 0.219450 1.000000
-0.077250 0.005056 0.231000 1.000000
-0.077250 0.000000 0.000000 1.000000
-0.077250 0.000000 0.011550 1.000000
-0.077250 0.000000 0.034650 1.000000
-0.077250 0.000000 0.069300 1.000000
-0.077250 0.000000 0.115500 1.000000
-0.077250 0.000000 0.161700 1.000000
-0.077250 0.000000 0.196350 1.000000
-0.077250 0.000000 0.219450 1.000000
-0.077250 0.000000 0.231000 1.000000
