13
0 0.00000000 0.00000000 0.00000000 0.00000000 0.25000000 0.50000000 0.75000000 1.00000000 1.00000000 1.00000000 1.00000000 1
21
0 0.00000000 0.00000000 0.00000000 0.00000000 0.08333333 0.16666667 0.25000000 0.33333333 0.41666667 0.50000000 0.58333333 0.66666667 0.75000000 0.83333333 0.91666667 1.00000000 1.00000000 1.00000000 1.00000000 1
128
0.07725000 -0.00000000 -0.00000000 1.0000
0.07724582 0.00505581 -0.00000000 1.0000
0.07636570 0.01516782 -0.00000000 1.0000
0.07239573 0.02998766 -0.00000000 1.0000
0.06216805 0.04770336 -0.00000000 1.0000
0.04770420 0.06216901 -0.00000000 1.0000
0.02998787 0.07239615 -0.00000000 1.0000
0.01022836 0.07768912 -0.00000000 1.0000
-0.01022771 0.07768795 -0.00000000 1.0000
-0.02998693 0.07239507 -0.00000000 1.0000
-0.04770416 0.06216922 -0.00000000 1.0000
-0.06216730 0.04770267 -0.00000000 1.0000
-0.07239518 0.02998747 -0.00000000 1.0000
-0.07636701 0.01516801 -0.00000000 1.0000
-0.07724604 0.00505578 -0.00000000 1.0000
-0.07725000 0.00000000 -0.00000000 1.0000
0.07725000 -0.00000000 0.00433125 1.0000
0.07724582 0.00505581 0.00433125 1.0000
0.07636570 0.01516782 0.00433125 1.0000
0.07239573 0.02998766 0.00433125 1.0000
0.06216805 0.04770336 0.00433125 1.0000
0.04770420 0.06216901 0.00433125 1.0000
0.02998787 0.07239615 0.00433125 1.0000
0.01022836 0.07768912 0.00433125 1.0000
-0.01022771 0.07768795 0.00433125 1.0000
-0.02998693 0.07239507 0.00433125 1.0000
-0.04770416 0.06216922 0.00433125 1.0000
-0.06216730 0.04770267 0.00433125 1.0000
-0.07239518 0.02998747 0.00433125 1.0000
-0.07636701 0.01516801 0.00433125 1.0000
-0.07724604 0.00505578 0.00433125 1.0000
-0.07725000 0.00000000 0.00433125 1.0000
0.07725000 -0.00000000 0.01299375 1.0000
0.07724582 0.00505581 0.01299375 1.0000
0.07636570 0.01516782 0.01299375 1.0000
0.07239573 0.02998766 0.01299375 1.0000
0.06216805 0.04770336 0.01299375 1.0000
0.04770420 0.06216901 0.01299375 1.0000
0.02998787 0.07239615 0.01299375 1.0000
0.01022836 0.07768912 0.01299375 1.0000
-0.01022771 0.07768795 0.01299375 1.0000
-0.02998693 0.07239507 0.01299375 1.0000
-0.04770416 0.06216922 0.01299375 1.0000
-0.06216730 0.04770267 0.01299375 1.0000
-0.07239518 0.02998747 0.01299375 1.0000
-0.07636701 0.01516801 0.01299375 1.0000
-0.07724604 0.00505578 0.01299375 1.0000
-0.07725000 0.00000000 0.01299375 1.0000
0.07725000 -0.00000000 0.02598750 1.0000
0.07724582 0.00505581 0.02598750 1.0000
0.07636570 0.01516782 0.02598750 1.0000
0.07239573 0.02998766 0.02598750 1.0000
0.06216805 0.04770336 0.02598750 1.0000
0.04770420 0.06216901 0.02598750 1.0000
0.02998787 0.07239615 0.02598750 1.0000
0.01022836 0.07768912 0.02598750 1.0000
-0.01022771 0.07768795 0.02598750 1.0000
-0.02998693 0.07239507 0.02598750 1.0000
-0.04770416 0.06216922 0.02598750 1.0000
-0.06216730 0.04770267 0.02598750 1.0000
-0.07239518 0.02998747 0.02598750 1.0000
-0.07636701 0.01516801 0.02598750 1.0000
-0.07724604 0.00505578 0.02598750 1.0000
-0.07725000 0.00000000 0.02598750 1.0000
0.07725000 -0.00000000 0.04331250 1.0000
0.07724582 0.00505581 0.04331250 1.0000
0.07636570 0.01516782 0.04331250 1.0000
0.07239573 0.02998766 0.04331250 1.0000
0.06216805 0.04770336 0.04331250 1.0000
0.04770420 0.06216901 0.04331250 1.0000
0.02998787 0.07239615 0.04331250 1.0000
0.01022836 0.07768912 0.04331250 1.0000
-0.01022771 0.07768795 0.04331250 1.0000
-0.02998693 0.07239507 0.04331250 1.0000
-0.04770416 0.06216922 0.04331250 1.0000
-0.06216730 0.04770267 0.04331250 1.0000
-0.07239518 0.02998747 0.04331250 1.0000
-0.07636701 0.01516801 0.04331250 1.0000
-0.07724604 0.00505578 0.04331250 1.0000
-0.07725000 0.00000000 0.04331250 1.0000
0.07725000 -0.00000000 0.05630625 1.0000
0.07724582 0.00505581 0.05630625 1.0000
0.07636570 0.01516782 0.05630625 1.0000
0.07239573 0.02998766 0.05630625 1.0000
0.06216805 0.04770336 0.05630625 1.0000
0.04770420 0.06216901 0.05630625 1.0000
0.02998787 0.07239615 0.05630625 1.0000
0.01022836 0.07768912 0.05630625 1.0000
-0.01022771 0.07768795 0.05630625 1.0000
-0.02998693 0.07239507 0.05630625 1.0000
-0.04770416 0.06216922 0.05630625 1.0000
-0.06216730 0.04770267 0.05630625 1.0000
-0.07239518 0.02998747 0.05630625 1.0000
-0.07636701 0.01516801 0.05630625 1.0000
-0.07724604 0.00505578 0.05630625 1.0000
-0.07725000 0.00000000 0.05630625 1.0000
0.07725000 -0.00000000 0.06496875 1.0000
0.07724582 0.00505581 0.06496875 1.0000
0.07636570 0.01516782 0.06496875 1.0000
0.07239573 0.02998766 0.06496875 1.0000
0.06216805 0.04770336 0.06496875 1.0000
0.04770420 0.06216901 0.06496875 1.0000
0.02998787 0.07239615 0.06496875 1.0000
0.01022836 0.07768912 0.06496875 1.0000
-0.01022771 0.07768795 0.06496875 1.0000
-0.02998693 0.07239507 0.06496875 1.0000
-0.04770416 0.06216922 0.06496875 1.0000
-0.06216730 0.04770267 0.06496875 1.0000
-0.07239518 0.02998747 0.06496875 1.0000
-0.07636701 0.01516801 0.06496875 1.0000
-0.07724604 0.00505578 0.06496875 1.0000
-0.07725000 0.00000000 0.06496875 1.0000
0.07725000 0.00000000 0.06930000 1.0000
0.07724582 0.00505581 0.06930000 1.0000
0.07636570 0.01516782 0.06930000 1.0000
0.07239573 0.02998766 0.06930000 1.0000
0.06216805 0.04770336 0.06930000 1.0000
0.04770420 0.06216901 0.06930000 1.0000
0.02998787 0.07239615 0.06930000 1.0000
0.01022836 0.07768912 0.06930000 1.0000
-0.01022771 0.07768795 0.06930000 1.0000
-0.02998693 0.07239507 0.06930000 1.0000
-0.04770416 0.06216922 0.06930000 1.0000
-0.06216730 0.04770267 0.06930000 1.0000
-0.07239518 0.02998747 0.06930000 1.0000
-0.07636701 0.01516801 0.06930000 1.0000
-0.07724604 0.00505578 0.06930000 1.0000
-0.07725000 0.00000000 0.06930000 1.0000
