23
0 0.00000000 0.00000000 0.00000000 0.00000000 0.07142857 0.14285714 0.21428571 0.28571429 0.35714286 0.42857143 0.50000000 0.57142857 0.64285714 0.71428571 0.78571429 0.85714286 0.92857143 1.00000000 1.00000000 1.00000000 1.00000000 1
31
0 0.00000000 0.00000000 0.00000000 0.00000000 0.04545455 0.09090909 0.13636364 0.18181818 0.22727273 0.27272727 0.31818182 0.36363636 0.40909091 0.45454545 0.50000000 0.54545455 0.59090909 0.63636364 0.68181818 0.72727273 0.77272727 0.81818182 0.86363636 0.90909091 0.95454545 1.00000000 1.00000000 1.00000000 1.00000000 1
468
0.07725000 0.00000000 0.00000000 1.0000
0.07724984 0.00275782 0.00000000 1.0000
0.07698333 0.00827326 0.00000000 1.0000
0.07580103 0.01648978 0.00000000 1.0000
0.07268781 0.02711171 0.00000000 1.0000
0.06809059 0.03718095 0.00000000 1.0000
0.06210458 0.04649145 0.00000000 1.0000
0.05485575 0.05485623 0.00000000 1.0000
0.04649115 0.06210543 0.00000000 1.0000
0.03717948 0.06808971 0.00000000 1.0000
0.02711089 0.07268763 0.00000000 1.0000
0.01649047 0.07580597 0.00000000 1.0000
0.00553438 0.07738131 0.00000000 1.0000
-0.00553440 0.07738123 0.00000000 1.0000
-0.01649048 0.07580595 0.00000000 1.0000
-0.02711092 0.07268764 0.00000000 1.0000
-0.03717949 0.06808965 0.00000000 1.0000
-0.04649112 0.06210536 0.00000000 1.0000
-0.05485602 0.05485650 0.00000000 1.0000
-0.06210476 0.04649157 0.00000000 1.0000
-0.06808987 0.03718048 0.00000000 1.0000
-0.07268708 0.02711136 0.00000000 1.0000
-0.07580207 0.01648996 0.00000000 1.0000
-0.07698429 0.00827330 0.00000000 1.0000
-0.07724968 0.00275781 0.00000000 1.0000
-0.07725000 0.00000000 0.00000000 1.0000
0.07725000 0.00000000 0.00412500 1.0000
0.07724984 0.00275782 0.00412500 1.0000
0.07698333 0.00827326 0.00412500 1.0000
0.07580103 0.01648978 0.00412500 1.0000
0.07268781 0.02711171 0.00412500 1.0000
0.06809059 0.03718095 0.00412500 1.0000
0.06210458 0.04649145 0.00412500 1.0000
0.05485575 0.05485623 0.00412500 1.0000
0.04649115 0.06210543 0.00412500 1.0000
0.03717948 0.06808971 0.00412500 1.0000
0.02711089 0.07268763 0.00412500 1.0000
0.01649047 0.07580597 0.00412500 1.0000
0.00553438 0.07738131 0.00412500 1.0000
-0.00553440 0.07738123 0.00412500 1.0000
-0.01649048 0.07580595 0.00412500 1.0000
-0.02711092 0.07268764 0.00412500 1.0000
-0.03717949 0.06808965 0.00412500 1.0000
-0.04649112 0.06210536 0.00412500 1.0000
-0.05485602 0.05485650 0.00412500 1.0000
-0.06210476 0.04649157 0.00412500 1.0000
-0.06808987 0.03718048 0.00412500 1.0000
-0.07268708 0.02711136 0.00412500 1.0000
-0.07580207 0.01648996 0.00412500 1.0000
-0.07698429 0.00827330 0.00412500 1.0000
-0.07724968 0.00275781 0.00412500 1.0000
-0.07725000 0.00000000 0.00412500 1.0000
0.07725000 0.00000000 0.01237500 1.0000
0.07724984 0.00275782 0.01237500 1.0000
0.07698333 0.00827326 0.01237500 1.0000
0.07580103 0.01648978 0.01237500 1.0000
0.07268781 0.02711171 0.01237500 1.0000
0.06809059 0.03718095 0.01237500 1.0000
0.06210458 0.04649145 0.01237500 1.0000
0.05485575 0.05485623 0.01237500 1.0000
0.04649115 0.06210543 0.01237500 1.0000
0.03717948 0.06808971 0.01237500 1.0000
0.02711089 0.07268763 0.01237500 1.0000
0.01649047 0.07580597 0.01237500 1.0000
0.00553438 0.07738131 0.01237500 1.0000
-0.00553440 0.07738123 0.01237500 1.0000
-0.01649048 0.07580595 0.01237500 1.0000
-0.02711092 0.07268764 0.01237500 1.0000
-0.03717949 0.06808965 0.01237500 1.0000
-0.04649112 0.06210536 0.01237500 1.0000
-0.05485602 0.05485650 0.01237500 1.0000
-0.06210476 0.04649157 0.01237500 1.0000
-0.06808987 0.03718048 0.01237500 1.0000
-0.07268708 0.02711136 0.01237500 1.0000
-0.07580207 0.01648996 0.01237500 1.0000
-0.07698429 0.00827330 0.01237500 1.0000
-0.07724968 0.00275781 0.01237500 1.0000
-0.07725000 0.00000000 0.01237500 1.0000
0.07725000 0.00000000 0.02475000 1.0000
0.07724984 0.00275782 0.02475000 1.0000
0.07698333 0.00827326 0.02475000 1.0000
0.07580103 0.01648978 0.02475000 1.0000
0.07268781 0.02711171 0.02475000 1.0000
0.06809059 0.03718095 0.02475000 1.0000
0.06210458 0.04649145 0.02475000 1.0000
0.05485575 0.05485623 0.02475000 1.0000
0.04649115 0.06210543 0.02475000 1.0000
0.03717948 0.06808971 0.02475000 1.0000
0.02711089 0.07268763 0.02475000 1.0000
0.01649047 0.07580597 0.02475000 1.0000
0.00553438 0.07738131 0.02475000 1.0000
-0.00553440 0.07738123 0.02475000 1.0000
-0.01649048 0.07580595 0.02475000 1.0000
-0.02711092 0.07268764 0.02475000 1.0000
-0.03717949 0.06808965 0.02475000 1.0000
-0.04649112 0.06210536 0.02475000 1.0000
-0.05485602 0.05485650 0.02475000 1.0000
-0.06210476 0.04649157 0.02475000 1.0000
-0.06808987 0.03718048 0.02475000 1.0000
-0.07268708 0.02711136 0.02475000 1.0000
-0.07580207 0.01648996 0.02475000 1.0000
-0.07698429 0.00827330 0.02475000 1.0000
-0.07724968 0.00275781 0.02475000 1.0000
-0.07725000 0.00000000 0.02475000 1.0000
0.07725000 0.00000000 0.04125000 1.0000
0.07724984 0.00275782 0.04125000 1.0000
0.07698333 0.00827326 0.04125000 1.0000
0.07580103 0.01648978 0.04125000 1.0000
0.07268781 0.02711171 0.04125000 1.0000
0.06809059 0.03718095 0.04125000 1.0000
0.06210458 0.04649145 0.04125000 1.0000
0.05485575 0.05485623 0.04125000 1.0000
0.04649115 0.06210543 0.04125000 1.0000
0.03717948 0.06808971 0.04125000 1.0000
0.02711089 0.07268763 0.04125000 1.0000
0.01649047 0.07580597 0.04125000 1.0000
0.00553438 0.07738131 0.04125000 1.0000
-0.00553440 0.07738123 0.04125000 1.0000
-0.01649048 0.07580595 0.04125000 1.0000
-0.02711092 0.07268764 0.04125000 1.0000
-0.03717949 0.06808965 0.04125000 1.0000
-0.04649112 0.06210536 0.04125000 1.0000
-0.05485602 0.05485650 0.04125000 1.0000
-0.06210476 0.04649157 0.04125000 1.0000
-0.06808987 0.03718048 0.04125000 1.0000
-0.07268708 0.02711136 0.04125000 1.0000
-0.07580207 0.01648996 0.04125000 1.0000
-0.07698429 0.00827330 0.04125000 1.0000
-0.07724968 0.00275781 0.04125000 1.0000
-0.07725000 0.00000000 0.04125000 1.0000
0.07725000 0.00000000 0.05775000 1.0000
0.07724984 0.00275782 0.05775000 1.0000
0.07698333 0.00827326 0.05775000 1.0000
0.07580103 0.01648978 0.05775000 1.0000
0.07268781 0.02711171 0.05775000 1.0000
0.06809059 0.03718095 0.05775000 1.0000
0.06210458 0.04649145 0.05775000 1.0000
0.05485575 0.05485623 0.05775000 1.0000
0.04649115 0.06210543 0.05775000 1.0000
0.03717948 0.06808971 0.05775000 1.0000
0.02711089 0.07268763 0.05775000 1.0000
0.01649047 0.07580597 0.05775000 1.0000
0.00553438 0.07738131 0.05775000 1.0000
-0.00553440 0.07738123 0.05775000 1.0000
-0.01649048 0.07580595 0.05775000 1.0000
-0.02711092 0.07268764 0.05775000 1.0000
-0.03717949 0.06808965 0.05775000 1.0000
-0.04649112 0.06210536 0.05775000 1.0000
-0.05485602 0.05485650 0.05775000 1.0000
-0.06210476 0.04649157 0.05775000 1.0000
-0.06808987 0.03718048 0.05775000 1.0000
-0.07268708 0.02711136 0.05775000 1.0000
-0.07580207 0.01648996 0.05775000 1.0000
-0.07698429 0.00827330 0.05775000 1.0000
-0.07724968 0.00275781 0.05775000 1.0000
-0.07725000 0.00000000 0.05775000 1.0000
0.07725000 0.00000000 0.07425000 1.0000
0.07724984 0.00275782 0.07425000 1.0000
0.07698333 0.00827326 0.07425000 1.0000
0.07580103 0.01648978 0.07425000 1.0000
0.07268781 0.02711171 0.07425000 1.0000
0.06809059 0.03718095 0.07425000 1.0000
0.06210458 0.04649145 0.07425000 1.0000
0.05485575 0.05485623 0.07425000 1.0000
0.04649115 0.06210543 0.07425000 1.0000
0.03717948 0.06808971 0.07425000 1.0000
0.02711089 0.07268763 0.07425000 1.0000
0.01649047 0.07580597 0.07425000 1.0000
0.00553438 0.07738131 0.07425000 1.0000
-0.00553440 0.07738123 0.07425000 1.0000
-0.01649048 0.07580595 0.07425000 1.0000
-0.02711092 0.07268764 0.07425000 1.0000
-0.03717949 0.06808965 0.07425000 1.0000
-0.04649112 0.06210536 0.07425000 1.0000
-0.05485602 0.05485650 0.07425000 1.0000
-0.06210476 0.04649157 0.07425000 1.0000
-0.06808987 0.03718048 0.07425000 1.0000
-0.07268708 0.02711136 0.07425000 1.0000
-0.07580207 0.01648996 0.07425000 1.0000
-0.07698429 0.00827330 0.07425000 1.0000
-0.07724968 0.00275781 0.07425000 1.0000
-0.07725000 0.00000000 0.07425000 1.0000
0.07725000 0.00000000 0.09075000 1.0000
0.07724984 0.00275782 0.09075000 1.0000
0.07698333 0.00827326 0.09075000 1.0000
0.07580103 0.01648978 0.09075000 1.0000
0.07268781 0.02711171 0.09075000 1.0000
0.06809059 0.03718095 0.09075000 1.0000
0.06210458 0.04649145 0.09075000 1.0000
0.05485575 0.05485623 0.09075000 1.0000
0.04649115 0.06210543 0.09075000 1.0000
0.03717948 0.06808971 0.09075000 1.0000
0.02711089 0.07268763 0.09075000 1.0000
0.01649047 0.07580597 0.09075000 1.0000
0.00553438 0.07738131 0.09075000 1.0000
-0.00553440 0.07738123 0.09075000 1.0000
-0.01649048 0.07580595 0.09075000 1.0000
-0.02711092 0.07268764 0.09075000 1.0000
-0.03717949 0.06808965 0.09075000 1.0000
-0.04649112 0.06210536 0.09075000 1.0000
-0.05485602 0.05485650 0.09075000 1.0000
-0.06210476 0.04649157 0.09075000 1.0000
-0.06808987 0.03718048 0.09075000 1.0000
-0.07268708 0.02711136 0.09075000 1.0000
-0.07580207 0.01648996 0.09075000 1.0000
-0.07698429 0.00827330 0.09075000 1.0000
-0.07724968 0.00275781 0.09075000 1.0000
-0.07725000 0.00000000 0.09075000 1.0000
0.07725000 0.00000000 0.10725000 1.0000
0.07724984 0.00275782 0.10725000 1.0000
0.07698333 0.00827326 0.10725000 1.0000
0.07580103 0.01648978 0.10725000 1.0000
0.07268781 0.02711171 0.10725000 1.0000
0.06809059 0.03718095 0.10725000 1.0000
0.06210458 0.04649145 0.10725000 1.0000
0.05485575 0.05485623 0.10725000 1.0000
0.04649115 0.06210543 0.10725000 1.0000
0.03717948 0.06808971 0.10725000 1.0000
0.02711089 0.07268763 0.10725000 1.0000
0.01649047 0.07580597 0.10725000 1.0000
0.00553438 0.07738131 0.10725000 1.0000
-0.00553440 0.07738123 0.10725000 1.0000
-0.01649048 0.07580595 0.10725000 1.0000
-0.02711092 0.07268764 0.10725000 1.0000
-0.03717949 0.06808965 0.10725000 1.0000
-0.04649112 0.06210536 0.10725000 1.0000
-0.05485602 0.05485650 0.10725000 1.0000
-0.06210476 0.04649157 0.10725000 1.0000
-0.06808987 0.03718048 0.10725000 1.0000
-0.07268708 0.02711136 0.10725000 1.0000
-0.07580207 0.01648996 0.10725000 1.0000
-0.07698429 0.00827330 0.10725000 1.0000
-0.07724968 0.00275781 0.10725000 1.0000
-0.07725000 0.00000000 0.10725000 1.0000
0.07725000 0.00000000 0.12375000 1.0000
0.07724984 0.00275782 0.12375000 1.0000
0.07698333 0.00827326 0.12375000 1.0000
0.07580103 0.01648978 0.12375000 1.0000
0.07268781 0.02711171 0.12375000 1.0000
0.06809059 0.03718095 0.12375000 1.0000
0.06210458 0.04649145 0.12375000 1.0000
0.05485575 0.05485623 0.12375000 1.0000
0.04649115 0.06210543 0.12375000 1.0000
0.03717948 0.06808971 0.12375000 1.0000
0.02711089 0.07268763 0.12375000 1.0000
0.01649047 0.07580597 0.12375000 1.0000
0.00553438 0.07738131 0.12375000 1.0000
-0.00553440 0.07738123 0.12375000 1.0000
-0.01649048 0.07580595 0.12375000 1.0000
-0.02711092 0.07268764 0.12375000 1.0000
-0.03717949 0.06808965 0.12375000 1.0000
-0.04649112 0.06210536 0.12375000 1.0000
-0.05485602 0.05485650 0.12375000 1.0000
-0.06210476 0.04649157 0.12375000 1.0000
-0.06808987 0.03718048 0.12375000 1.0000
-0.07268708 0.02711136 0.12375000 1.0000
-0.07580207 0.01648996 0.12375000 1.0000
-0.07698429 0.00827330 0.12375000 1.0000
-0.07724968 0.00275781 0.12375000 1.0000
-0.07725000 0.00000000 0.12375000 1.0000
0.07725000 0.00000000 0.14025000 1.0000
0.07724984 0.00275782 0.14025000 1.0000
0.07698333 0.00827326 0.14025000 1.0000
0.07580103 0.01648978 0.14025000 1.0000
0.07268781 0.02711171 0.14025000 1.0000
0.06809059 0.03718095 0.14025000 1.0000
0.06210458 0.04649145 0.14025000 1.0000
0.05485575 0.05485623 0.14025000 1.0000
0.04649115 0.06210543 0.14025000 1.0000
0.03717948 0.06808971 0.14025000 1.0000
0.02711089 0.07268763 0.14025000 1.0000
0.01649047 0.07580597 0.14025000 1.0000
0.00553438 0.07738131 0.14025000 1.0000
-0.00553440 0.07738123 0.14025000 1.0000
-0.01649048 0.07580595 0.14025000 1.0000
-0.02711092 0.07268764 0.14025000 1.0000
-0.03717949 0.06808965 0.14025000 1.0000
-0.04649112 0.06210536 0.14025000 1.0000
-0.05485602 0.05485650 0.14025000 1.0000
-0.06210476 0.04649157 0.14025000 1.0000
-0.06808987 0.03718048 0.14025000 1.0000
-0.07268708 0.02711136 0.14025000 1.0000
-0.07580207 0.01648996 0.14025000 1.0000
-0.07698429 0.00827330 0.14025000 1.0000
-0.07724968 0.00275781 0.14025000 1.0000
-0.07725000 0.00000000 0.14025000 1.0000
0.07725000 0.00000000 0.15675000 1.0000
0.07724984 0.00275782 0.15675000 1.0000
0.07698333 0.00827326 0.15675000 1.0000
0.07580103 0.01648978 0.15675000 1.0000
0.07268781 0.02711171 0.15675000 1.0000
0.06809059 0.03718095 0.15675000 1.0000
0.06210458 0.04649145 0.15675000 1.0000
0.05485575 0.05485623 0.15675000 1.0000
0.04649115 0.06210543 0.15675000 1.0000
0.03717948 0.06808971 0.15675000 1.0000
0.02711089 0.07268763 0.15675000 1.0000
0.01649047 0.07580597 0.15675000 1.0000
0.00553438 0.07738131 0.15675000 1.0000
-0.00553440 0.07738123 0.15675000 1.0000
-0.01649048 0.07580595 0.15675000 1.0000
-0.02711092 0.07268764 0.15675000 1.0000
-0.03717949 0.06808965 0.15675000 1.0000
-0.04649112 0.06210536 0.15675000 1.0000
-0.05485602 0.05485650 0.15675000 1.0000
-0.06210476 0.04649157 0.15675000 1.0000
-0.06808987 0.03718048 0.15675000 1.0000
-0.07268708 0.02711136 0.15675000 1.0000
-0.07580207 0.01648996 0.15675000 1.0000
-0.07698429 0.00827330 0.15675000 1.0000
-0.07724968 0.00275781 0.15675000 1.0000
-0.07725000 0.00000000 0.15675000 1.0000
0.07725000 0.00000000 0.17325000 1.0000
0.07724984 0.00275782 0.17325000 1.0000
0.07698333 0.00827326 0.17325000 1.0000
0.07580103 0.01648978 0.17325000 1.0000
0.07268781 0.02711171 0.17325000 1.0000
0.06809059 0.03718095 0.17325000 1.0000
0.06210458 0.04649145 0.17325000 1.0000
0.05485575 0.05485623 0.17325000 1.0000
0.04649115 0.06210543 0.17325000 1.0000
0.03717948 0.06808971 0.17325000 1.0000
0.02711089 0.07268763 0.17325000 1.0000
0.01649047 0.07580597 0.17325000 1.0000
0.00553438 0.07738131 0.17325000 1.0000
-0.00553440 0.07738123 0.17325000 1.0000
-0.01649048 0.07580595 0.17325000 1.0000
-0.02711092 0.07268764 0.17325000 1.0000
-0.03717949 0.06808965 0.17325000 1.0000
-0.04649112 0.06210536 0.17325000 1.0000
-0.05485602 0.05485650 0.17325000 1.0000
-0.06210476 0.04649157 0.17325000 1.0000
-0.06808987 0.03718048 0.17325000 1.0000
-0.07268708 0.02711136 0.17325000 1.0000
-0.07580207 0.01648996 0.17325000 1.0000
-0.07698429 0.00827330 0.17325000 1.0000
-0.07724968 0.00275781 0.17325000 1.0000
-0.07725000 0.00000000 0.17325000 1.0000
0.07725000 0.00000000 0.18975000 1.0000
0.07724984 0.00275782 0.18975000 1.0000
0.07698333 0.00827326 0.18975000 1.0000
0.07580103 0.01648978 0.18975000 1.0000
0.07268781 0.02711171 0.18975000 1.0000
0.06809059 0.03718095 0.18975000 1.0000
0.06210458 0.04649145 0.18975000 1.0000
0.05485575 0.05485623 0.18975000 1.0000
0.04649115 0.06210543 0.18975000 1.0000
0.03717948 0.06808971 0.18975000 1.0000
0.02711089 0.07268763 0.18975000 1.0000
0.01649047 0.07580597 0.18975000 1.0000
0.00553438 0.07738131 0.18975000 1.0000
-0.00553440 0.07738123 0.18975000 1.0000
-0.01649048 0.07580595 0.18975000 1.0000
-0.02711092 0.07268764 0.18975000 1.0000
-0.03717949 0.06808965 0.18975000 1.0000
-0.04649112 0.06210536 0.18975000 1.0000
-0.05485602 0.05485650 0.18975000 1.0000
-0.06210476 0.04649157 0.18975000 1.0000
-0.06808987 0.03718048 0.18975000 1.0000
-0.07268708 0.02711136 0.18975000 1.0000
-0.07580207 0.01648996 0.18975000 1.0000
-0.07698429 0.00827330 0.18975000 1.0000
-0.07724968 0.00275781 0.18975000 1.0000
-0.07725000 0.00000000 0.18975000 1.0000
0.07725000 0.00000000 0.20625000 1.0000
0.07724984 0.00275782 0.20625000 1.0000
0.07698333 0.00827326 0.20625000 1.0000
0.07580103 0.01648978 0.20625000 1.0000
0.07268781 0.02711171 0.20625000 1.0000
0.06809059 0.03718095 0.20625000 1.0000
0.06210458 0.04649145 0.20625000 1.0000
0.05485575 0.05485623 0.20625000 1.0000
0.04649115 0.06210543 0.20625000 1.0000
0.03717948 0.06808971 0.20625000 1.0000
0.02711089 0.07268763 0.20625000 1.0000
0.01649047 0.07580597 0.20625000 1.0000
0.00553438 0.07738131 0.20625000 1.0000
-0.00553440 0.07738123 0.20625000 1.0000
-0.01649048 0.07580595 0.20625000 1.0000
-0.02711092 0.07268764 0.20625000 1.0000
-0.03717949 0.06808965 0.20625000 1.0000
-0.04649112 0.06210536 0.20625000 1.0000
-0.05485602 0.05485650 0.20625000 1.0000
-0.06210476 0.04649157 0.20625000 1.0000
-0.06808987 0.03718048 0.20625000 1.0000
-0.07268708 0.02711136 0.20625000 1.0000
-0.07580207 0.01648996 0.20625000 1.0000
-0.07698429 0.00827330 0.20625000 1.0000
-0.07724968 0.00275781 0.20625000 1.0000
-0.07725000 0.00000000 0.20625000 1.0000
0.07725000 0.00000000 0.21862500 1.0000
0.07724984 0.00275782 0.21862500 1.0000
0.07698333 0.00827326 0.21862500 1.0000
0.07580103 0.01648978 0.21862500 1.0000
0.07268781 0.02711171 0.21862500 1.0000
0.06809059 0.03718095 0.21862500 1.0000
0.06210458 0.04649145 0.21862500 1.0000
0.05485575 0.05485623 0.21862500 1.0000
0.04649115 0.06210543 0.21862500 1.0000
0.03717948 0.06808971 0.21862500 1.0000
0.02711089 0.07268763 0.21862500 1.0000
0.01649047 0.07580597 0.21862500 1.0000
0.00553438 0.07738131 0.21862500 1.0000
-0.00553440 0.07738123 0.21862500 1.0000
-0.01649048 0.07580595 0.21862500 1.0000
-0.02711092 0.07268764 0.21862500 1.0000
-0.03717949 0.06808965 0.21862500 1.0000
-0.04649112 0.06210536 0.21862500 1.0000
-0.05485602 0.05485650 0.21862500 1.0000
-0.06210476 0.04649157 0.21862500 1.0000
-0.06808987 0.03718048 0.21862500 1.0000
-0.07268708 0.02711136 0.21862500 1.0000
-0.07580207 0.01648996 0.21862500 1.0000
-0.07698429 0.00827330 0.21862500 1.0000
-0.07724968 0.00275781 0.21862500 1.0000
-0.07725000 0.00000000 0.21862500 1.0000
0.07725000 0.00000000 0.22687500 1.0000
0.07724984 0.00275782 0.22687500 1.0000
0.07698333 0.00827326 0.22687500 1.0000
0.07580103 0.01648978 0.22687500 1.0000
0.07268781 0.02711171 0.22687500 1.0000
0.06809059 0.03718095 0.22687500 1.0000
0.06210458 0.04649145 0.22687500 1.0000
0.05485575 0.05485623 0.22687500 1.0000
0.04649115 0.06210543 0.22687500 1.0000
0.03717948 0.06808971 0.22687500 1.0000
0.02711089 0.07268763 0.22687500 1.0000
0.01649047 0.07580597 0.22687500 1.0000
0.00553438 0.07738131 0.22687500 1.0000
-0.00553440 0.07738123 0.22687500 1.0000
-0.01649048 0.07580595 0.22687500 1.0000
-0.02711092 0.07268764 0.22687500 1.0000
-0.03717949 0.06808965 0.22687500 1.0000
-0.04649112 0.06210536 0.22687500 1.0000
-0.05485602 0.05485650 0.22687500 1.0000
-0.06210476 0.04649157 0.22687500 1.0000
-0.06808987 0.03718048 0.22687500 1.0000
-0.07268708 0.02711136 0.22687500 1.0000
-0.07580207 0.01648996 0.22687500 1.0000
-0.07698429 0.00827330 0.22687500 1.0000
-0.07724968 0.00275781 0.22687500 1.0000
-0.07725000 0.00000000 0.22687500 1.0000
0.07725000 0.00000000 0.23100000 1.0000
0.07724984 0.00275782 0.23100000 1.0000
0.07698333 0.00827326 0.23100000 1.0000
0.07580103 0.01648978 0.23100000 1.0000
0.07268781 0.02711171 0.23100000 1.0000
0.06809059 0.03718095 0.23100000 1.0000
0.06210458 0.04649145 0.23100000 1.0000
0.05485575 0.05485623 0.23100000 1.0000
0.04649115 0.06210543 0.23100000 1.0000
0.03717948 0.06808971 0.23100000 1.0000
0.02711089 0.07268763 0.23100000 1.0000
0.01649047 0.07580597 0.23100000 1.0000
0.00553438 0.07738131 0.23100000 1.0000
-0.00553440 0.07738123 0.23100000 1.0000
-0.01649048 0.07580595 0.23100000 1.0000
-0.02711092 0.07268764 0.23100000 1.0000
-0.03717949 0.06808965 0.23100000 1.0000
-0.04649112 0.06210536 0.23100000 1.0000
-0.05485602 0.05485650 0.23100000 1.0000
-0.06210476 0.04649157 0.23100000 1.0000
-0.06808987 0.03718048 0.23100000 1.0000
-0.07268708 0.02711136 0.23100000 1.0000
-0.07580207 0.01648996 0.23100000 1.0000
-0.07698429 0.00827330 0.23100000 1.0000
-0.07724968 0.00275781 0.23100000 1.0000
-0.07725000 0.00000000 0.23100000 1.0000
