12
0 0.00000000 0.00000000 0.00000000 0.00000000 0.33333333 0.66666667 1.00000000 1.00000000 1.00000000 1.00000000 1
13
0 0.00000000 0.00000000 0.00000000 0.00000000 0.25000000 0.50000000 0.75000000 1.00000000 1.00000000 1.00000000 1.00000000 1
56
0.00000000 0.00000000 0.00000000 1.0000
0.06250000 0.00000000 0.00000000 1.0000
0.18750000 0.00000000 0.00000000 1.0000
0.37500000 0.00000000 0.00000000 1.0000
0.62500000 0.00000000 0.00000000 1.0000
0.81250000 0.00000000 0.00000000 1.0000
0.93750000 0.00000000 0.00000000 1.0000
1.00000000 0.00000000 0.00000000 1.0000
0.00000000 0.06666667 0.00000000 1.0000
0.06250000 0.06666667 0.00000000 1.0000
0.18750000 0.06666667 0.00000000 1.0000
0.37500000 0.06666667 0.00000000 1.0000
0.62500000 0.06666667 0.00000000 1.0000
0.81250000 0.06666667 0.00000000 1.0000
0.93750000 0.06666667 0.00000000 1.0000
1.00000000 0.06666667 0.00000000 1.0000
0.00000000 0.20000000 0.00000000 1.0000
0.06250000 0.20000000 0.00000000 1.0000
0.18750000 0.20000000 0.00000000 1.0000
0.37500000 0.20000000 0.00000000 1.0000
0.62500000 0.20000000 0.00000000 1.0000
0.81250000 0.20000000 0.00000000 1.0000
0.93750000 0.20000000 0.00000000 1.0000
1.00000000 0.20000000 0.00000000 1.0000
0.00000000 0.40000000 0.00000000 1.0000
0.06250000 0.40000000 0.00000000 1.0000
0.18750000 0.40000000 0.00000000 1.0000
0.37500000 0.40000000 0.00000000 1.0000
0.62500000 0.40000000 0.00000000 1.0000
0.81250000 0.40000000 0.00000000 1.0000
0.93750000 0.40000000 0.00000000 1.0000
1.00000000 0.40000000 0.00000000 1.0000
0.00000000 0.60000000 0.00000000 1.0000
0.06250000 0.60000000 0.00000000 1.0000
0.18750000 0.60000000 0.00000000 1.0000
0.37500000 0.60000000 0.00000000 1.0000
0.62500000 0.60000000 0.00000000 1.0000
0.81250000 0.60000000 0.00000000 1.0000
0.93750000 0.60000000 0.00000000 1.0000
1.00000000 0.60000000 0.00000000 1.0000
0.00000000 0.73333333 0.00000000 1.0000
0.06250000 0.73333333 0.00000000 1.0000
0.18750000 0.73333333 0.00000000 1.0000
0.37500000 0.73333333 0.00000000 1.0000
0.62500000 0.73333333 0.00000000 1.0000
0.81250000 0.73333333 0.00000000 1.0000
0.93750000 0.73333333 0.00000000 1.0000
1.00000000 0.73333333 0.00000000 1.0000
0.00000000 0.80000000 0.00000000 1.0000
0.06250000 0.80000000 0.00000000 1.0000
0.18750000 0.80000000 0.00000000 1.0000
0.37500000 0.80000000 0.00000000 1.0000
0.62500000 0.80000000 0.00000000 1.0000
0.81250000 0.80000000 0.00000000 1.0000
0.93750000 0.80000000 0.00000000 1.0000
1.00000000 0.80000000 0.00000000 1.0000
