19
0 0.00000000 0.00000000 0.00000000 0.00000000 0.10000000 0.20000000 0.30000000 0.40000000 0.50000000 0.60000000 0.70000000 0.80000000 0.90000000 1.00000000 1.00000000 1.00000000 1.00000000 1
15
0 0.00000000 0.00000000 0.00000000 0.00000000 0.16666667 0.33333333 0.50000000 0.66666667 0.83333333 1.00000000 1.00000000 1.00000000 1.00000000 1
140
0.00000000 0.00000000 0.00000000 1.0000
0.04166667 0.00000000 0.00000000 1.0000
0.12500000 0.00000000 0.00000000 1.0000
0.25000000 0.00000000 0.00000000 1.0000
0.41666667 0.00000000 0.00000000 1.0000
0.58333333 0.00000000 0.00000000 1.0000
0.75000000 0.00000000 0.00000000 1.0000
0.87500000 0.00000000 0.00000000 1.0000
0.95833333 0.00000000 0.00000000 1.0000
1.00000000 0.00000000 0.00000000 1.0000
0.00000000 0.02500000 0.00000000 1.0000
0.04166667 0.02500000 0.00000000 1.0000
0.12500000 0.02500000 0.00000000 1.0000
0.25000000 0.02500000 0.00000000 1.0000
0.41666667 0.02500000 0.00000000 1.0000
0.58333333 0.02500000 0.00000000 1.0000
0.75000000 0.02500000 0.00000000 1.0000
0.87500000 0.02500000 0.00000000 1.0000
0.95833333 0.02500000 0.00000000 1.0000
1.00000000 0.02500000 0.00000000 1.0000
0.00000000 0.07500000 0.00000000 1.0000
0.04166667 0.07500000 0.00000000 1.0000
0.12500000 0.07500000 0.00000000 1.0000
0.25000000 0.07500000 0.00000000 1.0000
0.41666667 0.07500000 0.00000000 1.0000
0.58333333 0.07500000 0.00000000 1.0000
0.75000000 0.07500000 0.00000000 1.0000
0.87500000 0.07500000 0.00000000 1.0000
0.95833333 0.07500000 0.00000000 1.0000
1.00000000 0.07500000 0.00000000 1.0000
0.00000000 0.15000000 0.00000000 1.0000
0.04166667 0.15000000 0.00000000 1.0000
0.12500000 0.15000000 0.00000000 1.0000
0.25000000 0.15000000 0.00000000 1.0000
0.41666667 0.15000000 0.00000000 1.0000
0.58333333 0.15000000 0.00000000 1.0000
0.75000000 0.15000000 0.00000000 1.0000
0.87500000 0.15000000 0.00000000 1.0000
0.95833333 0.15000000 0.00000000 1.0000
1.00000000 0.15000000 0.00000000 1.0000
0.00000000 0.25000000 0.00000000 1.0000
0.04166667 0.25000000 0.00000000 1.0000
0.12500000 0.25000000 0.00000000 1.0000
0.25000000 0.25000000 0.00000000 1.0000
0.41666667 0.25000000 0.00000000 1.0000
0.58333333 0.25000000 0.00000000 1.0000
0.75000000 0.25000000 0.00000000 1.0000
0.87500000 0.25000000 0.00000000 1.0000
0.95833333 0.25000000 0.00000000 1.0000
1.00000000 0.25000000 0.00000000 1.0000
0.00000000 0.35000000 0.00000000 1.0000
0.04166667 0.35000000 0.00000000 1.0000
0.12500000 0.35000000 0.00000000 1.0000
0.25000000 0.35000000 0.00000000 1.0000
0.41666667 0.35000000 0.00000000 1.0000
0.58333333 0.35000000 0.00000000 1.0000
0.75000000 0.35000000 0.00000000 1.0000
0.87500000 0.35000000 0.00000000 1.0000
0.95833333 0.35000000 0.00000000 1.0000
1.00000000 0.35000000 0.00000000 1.0000
0.00000000 0.45000000 0.00000000 1.0000
0.04166667 0.45000000 0.00000000 1.0000
0.12500000 0.45000000 0.00000000 1.0000
0.25000000 0.45000000 0.00000000 1.0000
0.41666667 0.45000000 0.00000000 1.0000
0.58333333 0.45000000 0.00000000 1.0000
0.75000000 0.45000000 0.00000000 1.0000
0.87500000 0.45000000 0.00000000 1.0000
0.95833333 0.45000000 0.00000000 1.0000
1.00000000 0.45000000 0.00000000 1.0000
0.00000000 0.55000000 0.00000000 1.0000
0.04166667 0.55000000 0.00000000 1.0000
0.12500000 0.55000000 0.00000000 1.0000
0.25000000 0.55000000 0.00000000 1.0000
0.41666667 0.55000000 0.00000000 1.0000
0.58333333 0.55000000 0.00000000 1.0000
0.75000000 0.55000000 0.00000000 1.0000
0.87500000 0.55000000 0.00000000 1.0000
0.95833333 0.55000000 0.00000000 1.0000
1.00000000 0.55000000 0.00000000 1.0000
0.00000000 0.65000000 0.00000000 1.0000
0.04166667 0.65000000 0.00000000 1.0000
0.12500000 0.65000000 0.00000000 1.0000
0.25000000 0.65000000 0.00000000 1.0000
0.41666667 0.65000000 0.00000000 1.0000
0.58333333 0.65000000 0.00000000 1.0000
0.75000000 0.65000000 0.00000000 1.0000
0.87500000 0.65000000 0.00000000 1.0000
0.95833333 0.65000000 0.00000000 1.0000
1.00000000 0.65000000 0.00000000 1.0000
0.00000000 0.75000000 0.00000000 1.0000
0.04166667 0.75000000 0.00000000 1.0000
0.12500000 0.75000000 0.00000000 1.0000
0.25000000 0.75000000 0.00000000 1.0000
0.41666667 0.75000000 0.00000000 1.0000
0.58333333 0.75000000 0.00000000 1.0000
0.75000000 0.75000000 0.00000000 1.0000
0.87500000 0.75000000 0.00000000 1.0000
0.95833333 0.75000000 0.00000000 1.0000
1.00000000 0.75000000 0.00000000 1.0000
0.00000000 0.85000000 0.00000000 1.0000
0.04166667 0.85000000 0.00000000 1.0000
0.12500000 0.85000000 0.00000000 1.0000
0.25000000 0.85000000 0.00000000 1.0000
0.41666667 0.85000000 0.00000000 1.0000
0.58333333 0.85000000 0.00000000 1.0000
0.75000000 0.85000000 0.00000000 1.0000
0.87500000 0.85000000 0.00000000 1.0000
0.95833333 0.85000000 0.00000000 1.0000
1.00000000 0.85000000 0.00000000 1.0000
0.00000000 0.92500000 0.00000000 1.0000
0.04166667 0.92500000 0.00000000 1.0000
0.12500000 0.92500000 0.00000000 1.0000
0.25000000 0.92500000 0.00000000 1.0000
0.41666667 0.92500000 0.00000000 1.0000
0.58333333 0.92500000 0.00000000 1.0000
0.75000000 0.92500000 0.00000000 1.0000
0.87500000 0.92500000 0.00000000 1.0000
0.95833333 0.92500000 0.00000000 1.0000
1.00000000 0.92500000 0.00000000 1.0000
0.00000000 0.97500000 0.00000000 1.0000
0.04166667 0.97500000 0.00000000 1.0000
0.12500000 0.97500000 0.00000000 1.0000
0.25000000 0.97500000 0.00000000 1.0000
0.41666667 0.97500000 0.00000000 1.0000
0.58333333 0.97500000 0.00000000 1.0000
0.75000000 0.97500000 0.00000000 1.0000
0.87500000 0.97500000 0.00000000 1.0000
0.95833333 0.97500000 0.00000000 1.0000
1.00000000 0.97500000 0.00000000 1.0000
0.00000000 1.00000000 0.00000000 1.0000
0.04166667 1.00000000 0.00000000 1.0000
0.12500000 1.00000000 0.00000000 1.0000
0.25000000 1.00000000 0.00000000 1.0000
0.41666667 1.00000000 0.00000000 1.0000
0.58333333 1.00000000 0.00000000 1.0000
0.75000000 1.00000000 0.00000000 1.0000
0.87500000 1.00000000 0.00000000 1.0000
0.95833333 1.00000000 0.00000000 1.0000
1.00000000 1.00000000 0.00000000 1.0000
