11
0 0.00000000 0.00000000 0.00000000 0.00000000 0.50000000 1.00000000 1.00000000 1.00000000 1.00000000 1
11
0 0.00000000 0.00000000 0.00000000 0.00000000 0.50000000 1.00000000 1.00000000 1.00000000 1.00000000 1
36
0.00000000 0.00000000 0.00000000 1.0000
0.12500000 0.00000000 0.00000000 1.0000
0.37500000 0.00000000 0.00000000 1.0000
0.62500000 0.00000000 0.00000000 1.0000
0.87500000 0.00000000 0.00000000 1.0000
1.00000000 0.00000000 0.00000000 1.0000
0.00000000 0.10000000 0.00000000 1.0000
0.12500000 0.10000000 0.00000000 1.0000
0.37500000 0.10000000 0.00000000 1.0000
0.62500000 0.10000000 0.00000000 1.0000
0.87500000 0.10000000 0.00000000 1.0000
1.00000000 0.10000000 0.00000000 1.0000
0.00000000 0.30000000 0.00000000 1.0000
0.12500000 0.30000000 0.00000000 1.0000
0.37500000 0.30000000 0.00000000 1.0000
0.62500000 0.30000000 0.00000000 1.0000
0.87500000 0.30000000 0.00000000 1.0000
1.00000000 0.30000000 0.00000000 1.0000
0.00000000 0.50000000 0.00000000 1.0000
0.12500000 0.50000000 0.00000000 1.0000
0.37500000 0.50000000 0.00000000 1.0000
0.62500000 0.50000000 0.00000000 1.0000
0.87500000 0.50000000 0.00000000 1.0000
1.00000000 0.50000000 0.00000000 1.0000
0.00000000 0.70000000 0.00000000 1.0000
0.12500000 0.70000000 0.00000000 1.0000
0.37500000 0.70000000 0.00000000 1.0000
0.62500000 0.70000000 0.00000000 1.0000
0.87500000 0.70000000 0.00000000 1.0000
1.00000000 0.70000000 0.00000000 1.0000
0.00000000 0.80000000 0.00000000 1.0000
0.12500000 0.80000000 0.00000000 1.0000
0.37500000 0.80000000 0.00000000 1.0000
0.62500000 0.80000000 0.00000000 1.0000
0.87500000 0.80000000 0.00000000 1.0000
1.00000000 0.80000000 0.00000000 1.0000
