23
0 0.00000000 0.00000000 0.00000000 0.00000000 0.07142857 0.14285714 0.21428571 0.28571429 0.35714286 0.42857143 0.50000000 0.57142857 0.64285714 0.71428571 0.78571429 0.85714286 0.92857143 1.00000000 1.00000000 1.00000000 1.00000000 1
31
0 0.00000000 0.00000000 0.00000000 0.00000000 0.04545455 0.09090909 0.13636364 0.18181818 0.22727273 0.27272727 0.31818182 0.36363636 0.40909091 0.45454545 0.50000000 0.54545455 0.59090909 0.63636364 0.68181818 0.72727273 0.77272727 0.81818182 0.86363636 0.90909091 0.95454545 1.00000000 1.00000000 1.00000000 1.00000000 1
468
-0.07725000 0.00000000 0.00000000 1.0000
-0.07724982 -0.00275860 0.00000000 1.0000
-0.07698322 -0.00827557 -0.00000000 1.0000
-0.07580017 -0.01649542 0.00000000 1.0000
-0.07268415 -0.02712206 -0.00000000 1.0000
-0.06808408 -0.03719322 -0.00000000 1.0000
-0.06209626 -0.04650246 0.00000000 1.0000
-0.05484638 -0.05486556 -0.00000000 1.0000
-0.04648010 -0.06211385 -0.00000000 1.0000
-0.03716563 -0.06809735 0.00000000 1.0000
-0.02709348 -0.07269429 -0.00000000 1.0000
-0.01646924 -0.07581082 0.00000000 1.0000
-0.00550953 -0.07738329 0.00000000 1.0000
0.00556237 -0.07737940 -0.00000000 1.0000
0.01652098 -0.07579947 0.00000000 1.0000
0.02714307 -0.07267581 0.00000000 1.0000
0.03721259 -0.06807210 -0.00000000 1.0000
0.04652291 -0.06208058 0.00000000 1.0000
0.05488798 -0.05482732 -0.00000000 1.0000
0.06213182 -0.04645454 0.00000000 1.0000
0.06812637 -0.03714863 -0.00000000 1.0000
0.07280811 -0.02712094 -0.00000000 1.0000
0.07603835 -0.01652384 -0.00000000 1.0000
0.07712050 -0.00827839 -0.00000000 1.0000
0.07724960 -0.00275811 0.00000000 1.0000
0.07725000 0.00000000 0.00000000 1.0000
-0.07725000 0.00000000 0.00412500 1.0000
-0.07725014 -0.00275860 0.00412500 1.0000
-0.07698618 -0.00827560 0.00412500 1.0000
-0.07581095 -0.01649556 0.00412500 1.0000
-0.07270052 -0.02712229 0.00412500 1.0000
-0.06809710 -0.03719339 0.00412500 1.0000
-0.06210235 -0.04650254 0.00412500 1.0000
-0.05484823 -0.05486558 0.00412500 1.0000
-0.04648089 -0.06211386 0.00412500 1.0000
-0.03716605 -0.06809736 0.00412500 1.0000
-0.02709352 -0.07269429 0.00412500 1.0000
-0.01646909 -0.07581082 0.00412500 1.0000
-0.00550949 -0.07738329 0.00412500 1.0000
0.00556232 -0.07737940 0.00412500 1.0000
0.01652094 -0.07579947 0.00412500 1.0000
0.02714309 -0.07267581 0.00412500 1.0000
0.03721264 -0.06807210 0.00412500 1.0000
0.04652299 -0.06208058 0.00412500 1.0000
0.05488819 -0.05482734 0.00412500 1.0000
0.06213251 -0.04645459 0.00412500 1.0000
0.06812774 -0.03714872 0.00412500 1.0000
0.07280960 -0.02712105 0.00412500 1.0000
0.07603897 -0.01652389 0.00412500 1.0000
0.07712050 -0.00827839 0.00412500 1.0000
0.07724960 -0.00275811 0.00412500 1.0000
0.07725000 0.00000000 0.00412500 1.0000
-0.07725000 0.00000000 0.01237500 1.0000
-0.07725024 -0.00275860 0.01237500 1.0000
-0.07698711 -0.00827561 0.01237500 1.0000
-0.07581435 -0.01649560 0.01237500 1.0000
-0.07270588 -0.02712236 0.01237500 1.0000
-0.06810179 -0.03719346 0.01237500 1.0000
-0.06210505 -0.04650258 0.01237500 1.0000
-0.05484937 -0.05486560 0.01237500 1.0000
-0.04648130 -0.06211387 0.01237500 1.0000
-0.03716615 -0.06809736 0.01237500 1.0000
-0.02709352 -0.07269429 0.01237500 1.0000
-0.01646907 -0.07581082 0.01237500 1.0000
-0.00550948 -0.07738329 0.01237500 1.0000
0.00556231 -0.07737940 0.01237500 1.0000
0.01652093 -0.07579947 0.01237500 1.0000
0.02714309 -0.07267581 0.01237500 1.0000
0.03721266 -0.06807210 0.01237500 1.0000
0.04652304 -0.06208059 0.01237500 1.0000
0.05488832 -0.05482735 0.01237500 1.0000
0.06213282 -0.04645461 0.01237500 1.0000
0.06812824 -0.03714876 0.01237500 1.0000
0.07281009 -0.02712108 0.01237500 1.0000
0.07603917 -0.01652390 0.01237500 1.0000
0.07712049 -0.00827839 0.01237500 1.0000
0.07724960 -0.00275811 0.01237500 1.0000
0.07725000 0.00000000 0.01237500 1.0000
-0.07725000 0.00000000 0.02475000 1.0000
-0.07725007 -0.00275860 0.02475000 1.0000
-0.07698559 -0.00827560 0.02475000 1.0000
-0.07580878 -0.01649553 0.02475000 1.0000
-0.07269779 -0.02712225 0.02475000 1.0000
-0.06809609 -0.03719338 0.02475000 1.0000
-0.06210325 -0.04650255 0.02475000 1.0000
-0.05484936 -0.05486560 0.02475000 1.0000
-0.04648117 -0.06211387 0.02475000 1.0000
-0.03716589 -0.06809736 0.02475000 1.0000
-0.02709348 -0.07269429 0.02475000 1.0000
-0.01646919 -0.07581082 0.02475000 1.0000
-0.00550952 -0.07738329 0.02475000 1.0000
0.00556236 -0.07737940 0.02475000 1.0000
0.01652097 -0.07579947 0.02475000 1.0000
0.02714307 -0.07267581 0.02475000 1.0000
0.03721262 -0.06807210 0.02475000 1.0000
0.04652303 -0.06208059 0.02475000 1.0000
0.05488832 -0.05482735 0.02475000 1.0000
0.06213261 -0.04645459 0.02475000 1.0000
0.06812764 -0.03714872 0.02475000 1.0000
0.07280936 -0.02712103 0.02475000 1.0000
0.07603885 -0.01652388 0.02475000 1.0000
0.07712050 -0.00827839 0.02475000 1.0000
0.07724960 -0.00275811 0.02475000 1.0000
0.07725000 0.00000000 0.02475000 1.0000
-0.07725000 0.00000000 0.04125000 1.0000
-0.07725012 -0.00275860 0.04125000 1.0000
-0.07698609 -0.00827560 0.04125000 1.0000
-0.07581061 -0.01649555 0.04125000 1.0000
-0.07270075 -0.02712229 0.04125000 1.0000
-0.06809882 -0.03719342 0.04125000 1.0000
-0.06210499 -0.04650258 0.04125000 1.0000
-0.05485017 -0.05486561 0.04125000 1.0000
-0.04648145 -0.06211387 0.04125000 1.0000
-0.03716594 -0.06809736 0.04125000 1.0000
-0.02709347 -0.07269429 0.04125000 1.0000
-0.01646919 -0.07581082 0.04125000 1.0000
-0.00550952 -0.07738329 0.04125000 1.0000
0.00556236 -0.07737940 0.04125000 1.0000
0.01652097 -0.07579947 0.04125000 1.0000
0.02714307 -0.07267581 0.04125000 1.0000
0.03721262 -0.06807210 0.04125000 1.0000
0.04652306 -0.06208059 0.04125000 1.0000
0.05488842 -0.05482735 0.04125000 1.0000
0.06213281 -0.04645461 0.04125000 1.0000
0.06812794 -0.03714874 0.04125000 1.0000
0.07280963 -0.02712105 0.04125000 1.0000
0.07603895 -0.01652388 0.04125000 1.0000
0.07712050 -0.00827839 0.04125000 1.0000
0.07724960 -0.00275811 0.04125000 1.0000
0.07725000 0.00000000 0.04125000 1.0000
-0.07725000 0.00000000 0.05775000 1.0000
-0.07725019 -0.00275860 0.05775000 1.0000
-0.07698670 -0.00827561 0.05775000 1.0000
-0.07581282 -0.01649558 0.05775000 1.0000
-0.07270418 -0.02712233 0.05775000 1.0000
-0.06810171 -0.03719346 0.05775000 1.0000
-0.06210653 -0.04650260 0.05775000 1.0000
-0.05485076 -0.05486562 0.05775000 1.0000
-0.04648168 -0.06211387 0.05775000 1.0000
-0.03716601 -0.06809736 0.05775000 1.0000
-0.02709347 -0.07269429 0.05775000 1.0000
-0.01646916 -0.07581082 0.05775000 1.0000
-0.00550952 -0.07738329 0.05775000 1.0000
0.00556235 -0.07737940 0.05775000 1.0000
0.01652097 -0.07579947 0.05775000 1.0000
0.02714307 -0.07267581 0.05775000 1.0000
0.03721263 -0.06807210 0.05775000 1.0000
0.04652309 -0.06208059 0.05775000 1.0000
0.05488848 -0.05482736 0.05775000 1.0000
0.06213298 -0.04645462 0.05775000 1.0000
0.06812824 -0.03714876 0.05775000 1.0000
0.07280995 -0.02712107 0.05775000 1.0000
0.07603908 -0.01652389 0.05775000 1.0000
0.07712050 -0.00827839 0.05775000 1.0000
0.07724960 -0.00275811 0.05775000 1.0000
0.07725000 0.00000000 0.05775000 1.0000
-0.07725000 0.00000000 0.07425000 1.0000
-0.07725015 -0.00275860 0.07425000 1.0000
-0.07698632 -0.00827561 0.07425000 1.0000
-0.07581143 -0.01649556 0.07425000 1.0000
-0.07270218 -0.02712231 0.07425000 1.0000
-0.06810032 -0.03719344 0.07425000 1.0000
-0.06210611 -0.04650259 0.07425000 1.0000
-0.05485078 -0.05486562 0.07425000 1.0000
-0.04648165 -0.06211387 0.07425000 1.0000
-0.03716595 -0.06809736 0.07425000 1.0000
-0.02709346 -0.07269429 0.07425000 1.0000
-0.01646920 -0.07581082 0.07425000 1.0000
-0.00550953 -0.07738329 0.07425000 1.0000
0.00556236 -0.07737940 0.07425000 1.0000
0.01652098 -0.07579947 0.07425000 1.0000
0.02714306 -0.07267581 0.07425000 1.0000
0.03721262 -0.06807210 0.07425000 1.0000
0.04652308 -0.06208059 0.07425000 1.0000
0.05488849 -0.05482736 0.07425000 1.0000
0.06213293 -0.04645461 0.07425000 1.0000
0.06812810 -0.03714875 0.07425000 1.0000
0.07280977 -0.02712106 0.07425000 1.0000
0.07603900 -0.01652389 0.07425000 1.0000
0.07712050 -0.00827839 0.07425000 1.0000
0.07724960 -0.00275811 0.07425000 1.0000
0.07725000 0.00000000 0.07425000 1.0000
-0.07725000 0.00000000 0.09075000 1.0000
-0.07725012 -0.00275860 0.09075000 1.0000
-0.07698610 -0.00827560 0.09075000 1.0000
-0.07581059 -0.01649555 0.09075000 1.0000
-0.07270101 -0.02712229 0.09075000 1.0000
-0.06809962 -0.03719343 0.09075000 1.0000
-0.06210605 -0.04650259 0.09075000 1.0000
-0.05485093 -0.05486562 0.09075000 1.0000
-0.04648168 -0.06211387 0.09075000 1.0000
-0.03716590 -0.06809736 0.09075000 1.0000
-0.02709345 -0.07269429 0.09075000 1.0000
-0.01646922 -0.07581082 0.09075000 1.0000
-0.00550954 -0.07738329 0.09075000 1.0000
0.00556237 -0.07737940 0.09075000 1.0000
0.01652098 -0.07579947 0.09075000 1.0000
0.02714306 -0.07267581 0.09075000 1.0000
0.03721261 -0.06807210 0.09075000 1.0000
0.04652309 -0.06208059 0.09075000 1.0000
0.05488850 -0.05482736 0.09075000 1.0000
0.06213292 -0.04645461 0.09075000 1.0000
0.06812802 -0.03714874 0.09075000 1.0000
0.07280966 -0.02712105 0.09075000 1.0000
0.07603895 -0.01652388 0.09075000 1.0000
0.07712050 -0.00827839 0.09075000 1.0000
0.07724960 -0.00275811 0.09075000 1.0000
0.07725000 0.00000000 0.09075000 1.0000
-0.07725000 0.00000000 0.10725000 1.0000
-0.07725014 -0.00275860 0.10725000 1.0000
-0.07698630 -0.00827561 0.10725000 1.0000
-0.07581132 -0.01649556 0.10725000 1.0000
-0.07270219 -0.02712231 0.10725000 1.0000
-0.06810071 -0.03719344 0.10725000 1.0000
-0.06210674 -0.04650260 0.10725000 1.0000
-0.05485125 -0.05486563 0.10725000 1.0000
-0.04648179 -0.06211388 0.10725000 1.0000
-0.03716592 -0.06809736 0.10725000 1.0000
-0.02709345 -0.07269429 0.10725000 1.0000
-0.01646922 -0.07581082 0.10725000 1.0000
-0.00550954 -0.07738329 0.10725000 1.0000
0.00556237 -0.07737940 0.10725000 1.0000
0.01652098 -0.07579947 0.10725000 1.0000
0.02714306 -0.07267581 0.10725000 1.0000
0.03721261 -0.06807210 0.10725000 1.0000
0.04652310 -0.06208059 0.10725000 1.0000
0.05488854 -0.05482736 0.10725000 1.0000
0.06213300 -0.04645462 0.10725000 1.0000
0.06812814 -0.03714875 0.10725000 1.0000
0.07280977 -0.02712106 0.10725000 1.0000
0.07603899 -0.01652389 0.10725000 1.0000
0.07712050 -0.00827839 0.10725000 1.0000
0.07724960 -0.00275811 0.10725000 1.0000
0.07725000 0.00000000 0.10725000 1.0000
-0.07725000 0.00000000 0.12375000 1.0000
-0.07725014 -0.00275860 0.12375000 1.0000
-0.07698630 -0.00827561 0.12375000 1.0000
-0.07581132 -0.01649556 0.12375000 1.0000
-0.07270219 -0.02712231 0.12375000 1.0000
-0.06810071 -0.03719344 0.12375000 1.0000
-0.06210674 -0.04650260 0.12375000 1.0000
-0.05485125 -0.05486563 0.12375000 1.0000
-0.04648179 -0.06211388 0.12375000 1.0000
-0.03716592 -0.06809736 0.12375000 1.0000
-0.02709345 -0.07269429 0.12375000 1.0000
-0.01646922 -0.07581082 0.12375000 1.0000
-0.00550954 -0.07738329 0.12375000 1.0000
0.00556237 -0.07737940 0.12375000 1.0000
0.01652098 -0.07579947 0.12375000 1.0000
0.02714306 -0.07267581 0.12375000 1.0000
0.03721261 -0.06807210 0.12375000 1.0000
0.04652310 -0.06208059 0.12375000 1.0000
0.05488854 -0.05482736 0.12375000 1.0000
0.06213300 -0.04645462 0.12375000 1.0000
0.06812814 -0.03714875 0.12375000 1.0000
0.07280977 -0.02712106 0.12375000 1.0000
0.07603899 -0.01652389 0.12375000 1.0000
0.07712050 -0.00827839 0.12375000 1.0000
0.07724960 -0.00275811 0.12375000 1.0000
0.07725000 0.00000000 0.12375000 1.0000
-0.07725000 0.00000000 0.14025000 1.0000
-0.07725012 -0.00275860 0.14025000 1.0000
-0.07698610 -0.00827560 0.14025000 1.0000
-0.07581059 -0.01649555 0.14025000 1.0000
-0.07270101 -0.02712229 0.14025000 1.0000
-0.06809962 -0.03719343 0.14025000 1.0000
-0.06210605 -0.04650259 0.14025000 1.0000
-0.05485093 -0.05486562 0.14025000 1.0000
-0.04648168 -0.06211387 0.14025000 1.0000
-0.03716590 -0.06809736 0.14025000 1.0000
-0.02709345 -0.07269429 0.14025000 1.0000
-0.01646922 -0.07581082 0.14025000 1.0000
-0.00550954 -0.07738329 0.14025000 1.0000
0.00556237 -0.07737940 0.14025000 1.0000
0.01652098 -0.07579947 0.14025000 1.0000
0.02714306 -0.07267581 0.14025000 1.0000
0.03721261 -0.06807210 0.14025000 1.0000
0.04652309 -0.06208059 0.14025000 1.0000
0.05488850 -0.05482736 0.14025000 1.0000
0.06213292 -0.04645461 0.14025000 1.0000
0.06812802 -0.03714874 0.14025000 1.0000
0.07280966 -0.02712105 0.14025000 1.0000
0.07603895 -0.01652388 0.14025000 1.0000
0.07712050 -0.00827839 0.14025000 1.0000
0.07724960 -0.00275811 0.14025000 1.0000
0.07725000 0.00000000 0.14025000 1.0000
-0.07725000 0.00000000 0.15675000 1.0000
-0.07725015 -0.00275860 0.15675000 1.0000
-0.07698632 -0.00827561 0.15675000 1.0000
-0.07581143 -0.01649556 0.15675000 1.0000
-0.07270218 -0.02712231 0.15675000 1.0000
-0.06810032 -0.03719344 0.15675000 1.0000
-0.06210611 -0.04650259 0.15675000 1.0000
-0.05485078 -0.05486562 0.15675000 1.0000
-0.04648165 -0.06211387 0.15675000 1.0000
-0.03716595 -0.06809736 0.15675000 1.0000
-0.02709346 -0.07269429 0.15675000 1.0000
-0.01646920 -0.07581082 0.15675000 1.0000
-0.00550953 -0.07738329 0.15675000 1.0000
0.00556236 -0.07737940 0.15675000 1.0000
0.01652098 -0.07579947 0.15675000 1.0000
0.02714306 -0.07267581 0.15675000 1.0000
0.03721262 -0.06807210 0.15675000 1.0000
0.04652308 -0.06208059 0.15675000 1.0000
0.05488849 -0.05482736 0.15675000 1.0000
0.06213293 -0.04645461 0.15675000 1.0000
0.06812810 -0.03714875 0.15675000 1.0000
0.07280977 -0.02712106 0.15675000 1.0000
0.07603900 -0.01652389 0.15675000 1.0000
0.07712050 -0.00827839 0.15675000 1.0000
0.07724960 -0.00275811 0.15675000 1.0000
0.07725000 0.00000000 0.15675000 1.0000
-0.07725000 0.00000000 0.17325000 1.0000
-0.07725019 -0.00275860 0.17325000 1.0000
-0.07698670 -0.00827561 0.17325000 1.0000
-0.07581282 -0.01649558 0.17325000 1.0000
-0.07270418 -0.02712233 0.17325000 1.0000
-0.06810171 -0.03719346 0.17325000 1.0000
-0.06210653 -0.04650260 0.17325000 1.0000
-0.05485076 -0.05486562 0.17325000 1.0000
-0.04648168 -0.06211387 0.17325000 1.0000
-0.03716601 -0.06809736 0.17325000 1.0000
-0.02709347 -0.07269429 0.17325000 1.0000
-0.01646916 -0.07581082 0.17325000 1.0000
-0.00550952 -0.07738329 0.17325000 1.0000
0.00556235 -0.07737940 0.17325000 1.0000
0.01652097 -0.07579947 0.17325000 1.0000
0.02714307 -0.07267581 0.17325000 1.0000
0.03721263 -0.06807210 0.17325000 1.0000
0.04652309 -0.06208059 0.17325000 1.0000
0.05488848 -0.05482736 0.17325000 1.0000
0.06213298 -0.04645462 0.17325000 1.0000
0.06812824 -0.03714876 0.17325000 1.0000
0.07280995 -0.02712107 0.17325000 1.0000
0.07603908 -0.01652389 0.17325000 1.0000
0.07712050 -0.00827839 0.17325000 1.0000
0.07724960 -0.00275811 0.17325000 1.0000
0.07725000 0.00000000 0.17325000 1.0000
-0.07725000 0.00000000 0.18975000 1.0000
-0.07725012 -0.00275860 0.18975000 1.0000
-0.07698609 -0.00827560 0.18975000 1.0000
-0.07581061 -0.01649555 0.18975000 1.0000
-0.07270075 -0.02712229 0.18975000 1.0000
-0.06809882 -0.03719342 0.18975000 1.0000
-0.06210499 -0.04650258 0.18975000 1.0000
-0.05485017 -0.05486561 0.18975000 1.0000
-0.04648145 -0.06211387 0.18975000 1.0000
-0.03716594 -0.06809736 0.18975000 1.0000
-0.02709347 -0.07269429 0.18975000 1.0000
-0.01646919 -0.07581082 0.18975000 1.0000
-0.00550952 -0.07738329 0.18975000 1.0000
0.00556236 -0.07737940 0.18975000 1.0000
0.01652097 -0.07579947 0.18975000 1.0000
0.02714307 -0.07267581 0.18975000 1.0000
0.03721262 -0.06807210 0.18975000 1.0000
0.04652306 -0.06208059 0.18975000 1.0000
0.05488842 -0.05482735 0.18975000 1.0000
0.06213281 -0.04645461 0.18975000 1.0000
0.06812794 -0.03714874 0.18975000 1.0000
0.07280963 -0.02712105 0.18975000 1.0000
0.07603895 -0.01652388 0.18975000 1.0000
0.07712050 -0.00827839 0.18975000 1.0000
0.07724960 -0.00275811 0.18975000 1.0000
0.07725000 0.00000000 0.18975000 1.0000
-0.07725000 0.00000000 0.20625000 1.0000
-0.07725007 -0.00275860 0.20625000 1.0000
-0.07698559 -0.00827560 0.20625000 1.0000
-0.07580878 -0.01649553 0.20625000 1.0000
-0.07269779 -0.02712225 0.20625000 1.0000
-0.06809609 -0.03719338 0.20625000 1.0000
-0.06210325 -0.04650255 0.20625000 1.0000
-0.05484936 -0.05486560 0.20625000 1.0000
-0.04648117 -0.06211387 0.20625000 1.0000
-0.03716589 -0.06809736 0.20625000 1.0000
-0.02709348 -0.07269429 0.20625000 1.0000
-0.01646919 -0.07581082 0.20625000 1.0000
-0.00550952 -0.07738329 0.20625000 1.0000
0.00556236 -0.07737940 0.20625000 1.0000
0.01652097 -0.07579947 0.20625000 1.0000
0.02714307 -0.07267581 0.20625000 1.0000
0.03721262 -0.06807210 0.20625000 1.0000
0.04652303 -0.06208059 0.20625000 1.0000
0.05488832 -0.05482735 0.20625000 1.0000
0.06213261 -0.04645459 0.20625000 1.0000
0.06812764 -0.03714872 0.20625000 1.0000
0.07280936 -0.02712103 0.20625000 1.0000
0.07603885 -0.01652388 0.20625000 1.0000
0.07712050 -0.00827839 0.20625000 1.0000
0.07724960 -0.00275811 0.20625000 1.0000
0.07725000 0.00000000 0.20625000 1.0000
-0.07725000 0.00000000 0.21862500 1.0000
-0.07725024 -0.00275860 0.21862500 1.0000
-0.07698711 -0.00827561 0.21862500 1.0000
-0.07581435 -0.01649560 0.21862500 1.0000
-0.07270588 -0.02712236 0.21862500 1.0000
-0.06810179 -0.03719346 0.21862500 1.0000
-0.06210505 -0.04650258 0.21862500 1.0000
-0.05484937 -0.05486560 0.21862500 1.0000
-0.04648130 -0.06211387 0.21862500 1.0000
-0.03716615 -0.06809736 0.21862500 1.0000
-0.02709352 -0.07269429 0.21862500 1.0000
-0.01646907 -0.07581082 0.21862500 1.0000
-0.00550948 -0.07738329 0.21862500 1.0000
0.00556231 -0.07737940 0.21862500 1.0000
0.01652093 -0.07579947 0.21862500 1.0000
0.02714309 -0.07267581 0.21862500 1.0000
0.03721266 -0.06807210 0.21862500 1.0000
0.04652304 -0.06208059 0.21862500 1.0000
0.05488832 -0.05482735 0.21862500 1.0000
0.06213282 -0.04645461 0.21862500 1.0000
0.06812824 -0.03714876 0.21862500 1.0000
0.07281009 -0.02712108 0.21862500 1.0000
0.07603917 -0.01652390 0.21862500 1.0000
0.07712049 -0.00827839 0.21862500 1.0000
0.07724960 -0.00275811 0.21862500 1.0000
0.07725000 0.00000000 0.21862500 1.0000
-0.07725000 0.00000000 0.22687500 1.0000
-0.07725014 -0.00275860 0.22687500 1.0000
-0.07698618 -0.00827560 0.22687500 1.0000
-0.07581095 -0.01649556 0.22687500 1.0000
-0.07270052 -0.02712229 0.22687500 1.0000
-0.06809710 -0.03719339 0.22687500 1.0000
-0.06210235 -0.04650254 0.22687500 1.0000
-0.05484823 -0.05486558 0.22687500 1.0000
-0.04648089 -0.06211386 0.22687500 1.0000
-0.03716605 -0.06809736 0.22687500 1.0000
-0.02709352 -0.07269429 0.22687500 1.0000
-0.01646909 -0.07581082 0.22687500 1.0000
-0.00550949 -0.07738329 0.22687500 1.0000
0.00556232 -0.07737940 0.22687500 1.0000
0.01652094 -0.07579947 0.22687500 1.0000
0.02714309 -0.07267581 0.22687500 1.0000
0.03721264 -0.06807210 0.22687500 1.0000
0.04652299 -0.06208058 0.22687500 1.0000
0.05488819 -0.05482734 0.22687500 1.0000
0.06213251 -0.04645459 0.22687500 1.0000
0.06812774 -0.03714872 0.22687500 1.0000
0.07280960 -0.02712105 0.22687500 1.0000
0.07603897 -0.01652389 0.22687500 1.0000
0.07712050 -0.00827839 0.22687500 1.0000
0.07724960 -0.00275811 0.22687500 1.0000
0.07725000 0.00000000 0.22687500 1.0000
-0.07725000 0.00000000 0.23100000 1.0000
-0.07724982 -0.00275860 0.23100000 1.0000
-0.07698322 -0.00827557 0.23100000 1.0000
-0.07580017 -0.01649542 0.23100000 1.0000
-0.07268415 -0.02712206 0.23100000 1.0000
-0.06808408 -0.03719322 0.23100000 1.0000
-0.06209626 -0.04650246 0.23100000 1.0000
-0.05484638 -0.05486556 0.23100000 1.0000
-0.04648010 -0.06211385 0.23100000 1.0000
-0.03716563 -0.06809735 0.23100000 1.0000
-0.02709348 -0.07269429 0.23100000 1.0000
-0.01646924 -0.07581082 0.23100000 1.0000
-0.00550953 -0.07738329 0.23100000 1.0000
0.00556237 -0.07737940 0.23100000 1.0000
0.01652098 -0.07579947 0.23100000 1.0000
0.02714307 -0.07267581 0.23100000 1.0000
0.03721259 -0.06807210 0.23100000 1.0000
0.04652291 -0.06208058 0.23100000 1.0000
0.05488798 -0.05482732 0.23100000 1.0000
0.06213182 -0.04645454 0.23100000 1.0000
0.06812637 -0.03714863 0.23100000 1.0000
0.07280811 -0.02712094 0.23100000 1.0000
0.07603835 -0.01652384 0.23100000 1.0000
0.07712050 -0.00827839 0.23100000 1.0000
0.07724960 -0.00275811 0.23100000 1.0000
0.07725000 0.00000000 0.23100000 1.0000
