19
0 0.00000000 0.00000000 0.00000000 0.00000000 0.10000000 0.20000000 0.30000000 0.40000000 0.50000000 0.60000000 0.70000000 0.80000000 0.90000000 1.00000000 1.00000000 1.00000000 1.00000000 1
25
0 0.00000000 0.00000000 0.00000000 0.00000000 0.06250000 0.12500000 0.18750000 0.25000000 0.31250000 0.37500000 0.43750000 0.50000000 0.56250000 0.62500000 0.68750000 0.75000000 0.81250000 0.87500000 0.93750000 1.00000000 1.00000000 1.00000000 1.00000000 1
280
-0.07725000 0.00000000 0.00000000 1.0000
-0.07724967 -0.00379315 0.00000000 1.0000
-0.07674652 -0.01137850 -0.00000000 1.0000
-0.07451681 -0.02261404 0.00000000 1.0000
-0.06867332 -0.03672396 -0.00000000 1.0000
-0.06018657 -0.04941187 0.00000000 1.0000
-0.04939193 -0.06020552 -0.00000000 1.0000
-0.03669512 -0.06868604 0.00000000 1.0000
-0.02258614 -0.07452605 -0.00000000 1.0000
-0.00760862 -0.07750103 0.00000000 1.0000
0.00766152 -0.07749562 -0.00000000 1.0000
0.02263678 -0.07451066 0.00000000 1.0000
0.03674256 -0.06866108 -0.00000000 1.0000
0.04943298 -0.06017066 0.00000000 1.0000
0.06022818 -0.04936778 -0.00000000 1.0000
0.06869870 -0.03667133 -0.00000000 1.0000
0.07470028 -0.02264238 -0.00000000 1.0000
0.07698969 -0.01139371 -0.00000000 1.0000
0.07725145 -0.00379054 -0.00000000 1.0000
0.07725000 0.00000000 0.00000000 1.0000
-0.07725000 0.00000000 0.00577500 1.0000
-0.07725027 -0.00379315 0.00577500 1.0000
-0.07675375 -0.01137858 0.00577500 1.0000
-0.07454062 -0.02261436 0.00577500 1.0000
-0.06869304 -0.03672423 0.00577500 1.0000
-0.06019127 -0.04941193 0.00577500 1.0000
-0.04939298 -0.06020553 0.00577500 1.0000
-0.03669574 -0.06868605 0.00577500 1.0000
-0.02258591 -0.07452605 0.00577500 1.0000
-0.00760851 -0.07750103 0.00577500 1.0000
0.00766139 -0.07749562 0.00577500 1.0000
0.02263677 -0.07451066 0.00577500 1.0000
0.03674265 -0.06866109 0.00577500 1.0000
0.04943308 -0.06017066 0.00577500 1.0000
0.06022873 -0.04936782 0.00577500 1.0000
0.06870083 -0.03667148 0.00577500 1.0000
0.07470224 -0.02264252 0.00577500 1.0000
0.07698973 -0.01139371 0.00577500 1.0000
0.07725145 -0.00379054 0.00577500 1.0000
0.07725000 0.00000000 0.00577500 1.0000
-0.07725000 0.00000000 0.01732500 1.0000
-0.07725010 -0.00379315 0.01732500 1.0000
-0.07675171 -0.01137856 0.01732500 1.0000
-0.07453389 -0.02261427 0.01732500 1.0000
-0.06868859 -0.03672417 0.01732500 1.0000
-0.06019153 -0.04941194 0.01732500 1.0000
-0.04939313 -0.06020553 0.01732500 1.0000
-0.03669542 -0.06868605 0.01732500 1.0000
-0.02258602 -0.07452605 0.01732500 1.0000
-0.00760857 -0.07750103 0.01732500 1.0000
0.00766146 -0.07749562 0.01732500 1.0000
0.02263677 -0.07451066 0.01732500 1.0000
0.03674260 -0.06866109 0.01732500 1.0000
0.04943311 -0.06017067 0.01732500 1.0000
0.06022876 -0.04936782 0.01732500 1.0000
0.06870035 -0.03667145 0.01732500 1.0000
0.07470169 -0.02264248 0.01732500 1.0000
0.07698972 -0.01139371 0.01732500 1.0000
0.07725145 -0.00379054 0.01732500 1.0000
0.07725000 0.00000000 0.01732500 1.0000
-0.07725000 0.00000000 0.03465000 1.0000
-0.07725000 -0.00379315 0.03465000 1.0000
-0.07675059 -0.01137855 0.03465000 1.0000
-0.07453019 -0.02261422 0.03465000 1.0000
-0.06868652 -0.03672414 0.03465000 1.0000
-0.06019221 -0.04941195 0.03465000 1.0000
-0.04939337 -0.06020554 0.03465000 1.0000
-0.03669520 -0.06868604 0.03465000 1.0000
-0.02258609 -0.07452605 0.03465000 1.0000
-0.00760862 -0.07750103 0.03465000 1.0000
0.00766151 -0.07749562 0.03465000 1.0000
0.02263678 -0.07451066 0.03465000 1.0000
0.03674256 -0.06866108 0.03465000 1.0000
0.04943314 -0.06017067 0.03465000 1.0000
0.06022883 -0.04936783 0.03465000 1.0000
0.06870013 -0.03667143 0.03465000 1.0000
0.07470138 -0.02264246 0.03465000 1.0000
0.07698971 -0.01139371 0.03465000 1.0000
0.07725145 -0.00379054 0.03465000 1.0000
0.07725000 0.00000000 0.03465000 1.0000
-0.07725000 0.00000000 0.05775000 1.0000
-0.07725021 -0.00379315 0.05775000 1.0000
-0.07675317 -0.01137858 0.05775000 1.0000
-0.07453870 -0.02261433 0.05775000 1.0000
-0.06869378 -0.03672424 0.05775000 1.0000
-0.06019420 -0.04941197 0.05775000 1.0000
-0.04939383 -0.06020554 0.05775000 1.0000
-0.03669540 -0.06868605 0.05775000 1.0000
-0.02258602 -0.07452605 0.05775000 1.0000
-0.00760859 -0.07750103 0.05775000 1.0000
0.00766148 -0.07749562 0.05775000 1.0000
0.02263677 -0.07451066 0.05775000 1.0000
0.03674259 -0.06866109 0.05775000 1.0000
0.04943319 -0.06017067 0.05775000 1.0000
0.06022906 -0.04936784 0.05775000 1.0000
0.06870091 -0.03667149 0.05775000 1.0000
0.07470208 -0.02264251 0.05775000 1.0000
0.07698972 -0.01139371 0.05775000 1.0000
0.07725145 -0.00379054 0.05775000 1.0000
0.07725000 0.00000000 0.05775000 1.0000
-0.07725000 0.00000000 0.08085000 1.0000
-0.07725006 -0.00379315 0.08085000 1.0000
-0.07675138 -0.01137856 0.08085000 1.0000
-0.07453280 -0.02261425 0.08085000 1.0000
-0.06868935 -0.03672418 0.08085000 1.0000
-0.06019367 -0.04941197 0.08085000 1.0000
-0.04939375 -0.06020554 0.08085000 1.0000
-0.03669519 -0.06868604 0.08085000 1.0000
-0.02258610 -0.07452605 0.08085000 1.0000
-0.00760863 -0.07750103 0.08085000 1.0000
0.00766152 -0.07749562 0.08085000 1.0000
0.02263678 -0.07451066 0.08085000 1.0000
0.03674256 -0.06866108 0.08085000 1.0000
0.04943319 -0.06017067 0.08085000 1.0000
0.06022899 -0.04936784 0.08085000 1.0000
0.06870044 -0.03667145 0.08085000 1.0000
0.07470160 -0.02264248 0.08085000 1.0000
0.07698971 -0.01139371 0.08085000 1.0000
0.07725145 -0.00379054 0.08085000 1.0000
0.07725000 0.00000000 0.08085000 1.0000
-0.07725000 0.00000000 0.10395000 1.0000
-0.07725010 -0.00379315 0.10395000 1.0000
-0.07675194 -0.01137856 0.10395000 1.0000
-0.07453466 -0.02261428 0.10395000 1.0000
-0.06869129 -0.03672421 0.10395000 1.0000
-0.06019461 -0.04941198 0.10395000 1.0000
-0.04939399 -0.06020554 0.10395000 1.0000
-0.03669518 -0.06868604 0.10395000 1.0000
-0.02258609 -0.07452605 0.10395000 1.0000
-0.00760863 -0.07750103 0.10395000 1.0000
0.00766153 -0.07749562 0.10395000 1.0000
0.02263678 -0.07451066 0.10395000 1.0000
0.03674256 -0.06866108 0.10395000 1.0000
0.04943322 -0.06017067 0.10395000 1.0000
0.06022910 -0.04936784 0.10395000 1.0000
0.06870065 -0.03667147 0.10395000 1.0000
0.07470175 -0.02264249 0.10395000 1.0000
0.07698972 -0.01139371 0.10395000 1.0000
0.07725145 -0.00379054 0.10395000 1.0000
0.07725000 0.00000000 0.10395000 1.0000
-0.07725000 0.00000000 0.12705000 1.0000
-0.07725010 -0.00379315 0.12705000 1.0000
-0.07675194 -0.01137856 0.12705000 1.0000
-0.07453466 -0.02261428 0.12705000 1.0000
-0.06869129 -0.03672421 0.12705000 1.0000
-0.06019461 -0.04941198 0.12705000 1.0000
-0.04939399 -0.06020554 0.12705000 1.0000
-0.03669518 -0.06868604 0.12705000 1.0000
-0.02258609 -0.07452605 0.12705000 1.0000
-0.00760863 -0.07750103 0.12705000 1.0000
0.00766153 -0.07749562 0.12705000 1.0000
0.02263678 -0.07451066 0.12705000 1.0000
0.03674256 -0.06866108 0.12705000 1.0000
0.04943322 -0.06017067 0.12705000 1.0000
0.06022910 -0.04936784 0.12705000 1.0000
0.06870065 -0.03667147 0.12705000 1.0000
0.07470175 -0.02264249 0.12705000 1.0000
0.07698972 -0.01139371 0.12705000 1.0000
0.07725145 -0.00379054 0.12705000 1.0000
0.07725000 0.00000000 0.12705000 1.0000
-0.07725000 0.00000000 0.15015000 1.0000
-0.07725006 -0.00379315 0.15015000 1.0000
-0.07675138 -0.01137856 0.15015000 1.0000
-0.07453280 -0.02261425 0.15015000 1.0000
-0.06868935 -0.03672418 0.15015000 1.0000
-0.06019367 -0.04941197 0.15015000 1.0000
-0.04939375 -0.06020554 0.15015000 1.0000
-0.03669519 -0.06868604 0.15015000 1.0000
-0.02258610 -0.07452605 0.15015000 1.0000
-0.00760863 -0.07750103 0.15015000 1.0000
0.00766152 -0.07749562 0.15015000 1.0000
0.02263678 -0.07451066 0.15015000 1.0000
0.03674256 -0.06866108 0.15015000 1.0000
0.04943319 -0.06017067 0.15015000 1.0000
0.06022899 -0.04936784 0.15015000 1.0000
0.06870044 -0.03667145 0.15015000 1.0000
0.07470160 -0.02264248 0.15015000 1.0000
0.07698971 -0.01139371 0.15015000 1.0000
0.07725145 -0.00379054 0.15015000 1.0000
0.07725000 0.00000000 0.15015000 1.0000
-0.07725000 0.00000000 0.17325000 1.0000
-0.07725021 -0.00379315 0.17325000 1.0000
-0.07675317 -0.01137858 0.17325000 1.0000
-0.07453870 -0.02261433 0.17325000 1.0000
-0.06869378 -0.03672424 0.17325000 1.0000
-0.06019420 -0.04941197 0.17325000 1.0000
-0.04939383 -0.06020554 0.17325000 1.0000
-0.03669540 -0.06868605 0.17325000 1.0000
-0.02258602 -0.07452605 0.17325000 1.0000
-0.00760859 -0.07750103 0.17325000 1.0000
0.00766148 -0.07749562 0.17325000 1.0000
0.02263677 -0.07451066 0.17325000 1.0000
0.03674259 -0.06866109 0.17325000 1.0000
0.04943319 -0.06017067 0.17325000 1.0000
0.06022906 -0.04936784 0.17325000 1.0000
0.06870091 -0.03667149 0.17325000 1.0000
0.07470208 -0.02264251 0.17325000 1.0000
0.07698972 -0.01139371 0.17325000 1.0000
0.07725145 -0.00379054 0.17325000 1.0000
0.07725000 0.00000000 0.17325000 1.0000
-0.07725000 0.00000000 0.19635000 1.0000
-0.07725000 -0.00379315 0.19635000 1.0000
-0.07675059 -0.01137855 0.19635000 1.0000
-0.07453019 -0.02261422 0.19635000 1.0000
-0.06868652 -0.03672414 0.19635000 1.0000
-0.06019221 -0.04941195 0.19635000 1.0000
-0.04939337 -0.06020554 0.19635000 1.0000
-0.03669520 -0.06868604 0.19635000 1.0000
-0.02258609 -0.07452605 0.19635000 1.0000
-0.00760862 -0.07750103 0.19635000 1.0000
0.00766151 -0.07749562 0.19635000 1.0000
0.02263678 -0.07451066 0.19635000 1.0000
0.03674256 -0.06866108 0.19635000 1.0000
0.04943314 -0.06017067 0.19635000 1.0000
0.06022883 -0.04936783 0.19635000 1.0000
0.06870013 -0.03667143 0.19635000 1.0000
0.07470138 -0.02264246 0.19635000 1.0000
0.07698971 -0.01139371 0.19635000 1.0000
0.07725145 -0.00379054 0.19635000 1.0000
0.07725000 0.00000000 0.19635000 1.0000
-0.07725000 0.00000000 0.21367500 1.0000
-0.07725010 -0.00379315 0.21367500 1.0000
-0.07675171 -0.01137856 0.21367500 1.0000
-0.07453389 -0.02261427 0.21367500 1.0000
-0.06868859 -0.03672417 0.21367500 1.0000
-0.06019153 -0.04941194 0.21367500 1.0000
-0.04939313 -0.06020553 0.21367500 1.0000
-0.03669542 -0.06868605 0.21367500 1.0000
-0.02258602 -0.07452605 0.21367500 1.0000
-0.00760857 -0.07750103 0.21367500 1.0000
0.00766146 -0.07749562 0.21367500 1.0000
0.02263677 -0.07451066 0.21367500 1.0000
0.03674260 -0.06866109 0.21367500 1.0000
0.04943311 -0.06017067 0.21367500 1.0000
0.06022876 -0.04936782 0.21367500 1.0000
0.06870035 -0.03667145 0.21367500 1.0000
0.07470169 -0.02264248 0.21367500 1.0000
0.07698972 -0.01139371 0.21367500 1.0000
0.07725145 -0.00379054 0.21367500 1.0000
0.07725000 0.00000000 0.21367500 1.0000
-0.07725000 0.00000000 0.22522500 1.0000
-0.07725027 -0.00379315 0.22522500 1.0000
-0.07675375 -0.01137858 0.22522500 1.0000
-0.07454062 -0.02261436 0.22522500 1.0000
-0.06869304 -0.03672423 0.22522500 1.0000
-0.06019127 -0.04941193 0.22522500 1.0000
-0.04939298 -0.06020553 0.22522500 1.0000
-0.03669574 -0.06868605 0.22522500 1.0000
-0.02258591 -0.07452605 0.22522500 1.0000
-0.00760851 -0.07750103 0.22522500 1.0000
0.00766139 -0.07749562 0.22522500 1.0000
0.02263677 -0.07451066 0.22522500 1.0000
0.03674265 -0.06866109 0.22522500 1.0000
0.04943308 -0.06017066 0.22522500 1.0000
0.06022873 -0.04936782 0.22522500 1.0000
0.06870083 -0.03667148 0.22522500 1.0000
0.07470224 -0.02264252 0.22522500 1.0000
0.07698973 -0.01139371 0.22522500 1.0000
0.07725145 -0.00379054 0.22522500 1.0000
0.07725000 0.00000000 0.22522500 1.0000
-0.07725000 0.00000000 0.23100000 1.0000
-0.07724967 -0.00379315 0.23100000 1.0000
-0.07674652 -0.01137850 0.23100000 1.0000
-0.07451681 -0.02261404 0.23100000 1.0000
-0.06867332 -0.03672396 0.23100000 1.0000
-0.06018657 -0.04941187 0.23100000 1.0000
-0.04939193 -0.06020552 0.23100000 1.0000
-0.03669512 -0.06868604 0.23100000 1.0000
-0.02258614 -0.07452605 0.23100000 1.0000
-0.00760862 -0.07750103 0.23100000 1.0000
0.00766152 -0.07749562 0.23100000 1.0000
0.02263678 -0.07451066 0.23100000 1.0000
0.03674256 -0.06866108 0.23100000 1.0000
0.04943298 -0.06017066 0.23100000 1.0000
0.06022818 -0.04936778 0.23100000 1.0000
0.06869870 -0.03667133 0.23100000 1.0000
0.07470028 -0.02264238 0.23100000 1.0000
0.07698969 -0.01139371 0.23100000 1.0000
0.07725145 -0.00379054 0.23100000 1.0000
0.07725000 0.00000000 0.23100000 1.0000
