12
0 0.000000 0.000000 0.000000 0.000000 0.333333 0.666667 1.000000 1.000000 1.000000 1.000000 1
11
0 0.000000 0.000000 0.000000 0.000000 0.500000 1.000000 1.000000 1.000000 1.000000 1
42
0.000000 0.000000 0.000000 1.000000
0.125000 0.000000 0.000000 1.000000
0.375000 0.000000 0.000000 1.000000
0.625000 0.000000 0.000000 1.000000
0.875000 0.000000 0.000000 1.000000
1.000000 0.000000 0.000000 1.000000
0.000000 0.050000 0.000000 1.000000
0.125000 0.050000 0.000000 1.000000
0.375000 0.050000 0.000000 1.000000
0.625000 0.050000 0.000000 1.000000
0.875000 0.050000 0.000000 1.000000
1.000000 0.050000 0.000000 1.000000
0.000000 0.150000 0.000000 1.000000
0.125000 0.150000 0.000000 1.000000
0.375000 0.150000 0.000000 1.000000
0.625000 0.150000 0.000000 1.000000
0.875000 0.150000 0.000000 1.000000
1.000000 0.150000 0.000000 1.000000
0.000000 0.300000 0.000000 1.000000
0.125000 0.300000 0.000000 1.000000
0.375000 0.300000 0.000000 1.000000
0.625000 0.300000 0.000000 1.000000
0.875000 0.300000 0.000000 1.000000
1.000000 0.300000 0.000000 1.000000
0.000000 0.450000 0.000000 1.000000
0.125000 0.450000 0.000000 1.000000
0.375000 0.450000 0.000000 1.000000
0.625000 0.450000 0.000000 1.000000
0.875000 0.450000 0.000000 1.000000
1.000000 0.450000 0.000000 1.000000
0.000000 0.550000 0.000000 1.000000
0.125000 0.550000 0.000000 1.000000
0.375000 0.550000 0.000000 1.000000
0.625000 0.550000 0.000000 1.000000
0.875000 0.550000 0.000000 1.000000
1.000000 0.550000 0.000000 1.000000
0.000000 0.600000 0.000000 1.000000
0.125000 0.600000 0.000000 1.000000
0.375000 0.600000 0.000000 1.000000
0.625000 0.600000 0.000000 1.000000
0.875000 0.600000 0.000000 1.000000
1.000000 0.600000 0.000000 1.000000
