17
0 0.00000000 0.00000000 0.00000000 0.00000000 0.12500000 0.25000000 0.37500000 0.50000000 0.62500000 0.75000000 0.87500000 1.00000000 1.00000000 1.00000000 1.00000000 1
15
0 0.00000000 0.00000000 0.00000000 0.00000000 0.16666667 0.33333333 0.50000000 0.66666667 0.83333333 1.00000000 1.00000000 1.00000000 1.00000000 1
120
0.00000000 0.00000000 0.00000000 1.0000
0.04166667 0.00000000 0.00000000 1.0000
0.12500000 0.00000000 0.00000000 1.0000
0.25000000 0.00000000 0.00000000 1.0000
0.41666667 0.00000000 0.00000000 1.0000
0.58333333 0.00000000 0.00000000 1.0000
0.75000000 0.00000000 0.00000000 1.0000
0.87500000 0.00000000 0.00000000 1.0000
0.95833333 0.00000000 0.00000000 1.0000
1.00000000 0.00000000 0.00000000 1.0000
0.00000000 0.02500000 0.00000000 1.0000
0.04166667 0.02500000 0.00000000 1.0000
0.12500000 0.02500000 0.00000000 1.0000
0.25000000 0.02500000 0.00000000 1.0000
0.41666667 0.02500000 0.00000000 1.0000
0.58333333 0.02500000 0.00000000 1.0000
0.75000000 0.02500000 0.00000000 1.0000
0.87500000 0.02500000 0.00000000 1.0000
0.95833333 0.02500000 0.00000000 1.0000
1.00000000 0.02500000 0.00000000 1.0000
0.00000000 0.07500000 0.00000000 1.0000
0.04166667 0.07500000 0.00000000 1.0000
0.12500000 0.07500000 0.00000000 1.0000
0.25000000 0.07500000 0.00000000 1.0000
0.41666667 0.07500000 0.00000000 1.0000
0.58333333 0.07500000 0.00000000 1.0000
0.75000000 0.07500000 0.00000000 1.0000
0.87500000 0.07500000 0.00000000 1.0000
0.95833333 0.07500000 0.00000000 1.0000
1.00000000 0.07500000 0.00000000 1.0000
0.00000000 0.15000000 0.00000000 1.0000
0.04166667 0.15000000 0.00000000 1.0000
0.12500000 0.15000000 0.00000000 1.0000
0.25000000 0.15000000 0.00000000 1.0000
0.41666667 0.15000000 0.00000000 1.0000
0.58333333 0.15000000 0.00000000 1.0000
0.75000000 0.15000000 0.00000000 1.0000
0.87500000 0.15000000 0.00000000 1.0000
0.95833333 0.15000000 0.00000000 1.0000
1.00000000 0.15000000 0.00000000 1.0000
0.00000000 0.25000000 0.00000000 1.0000
0.04166667 0.25000000 0.00000000 1.0000
0.12500000 0.25000000 0.00000000 1.0000
0.25000000 0.25000000 0.00000000 1.0000
0.41666667 0.25000000 0.00000000 1.0000
0.58333333 0.25000000 0.00000000 1.0000
0.75000000 0.25000000 0.00000000 1.0000
0.87500000 0.25000000 0.00000000 1.0000
0.95833333 0.25000000 0.00000000 1.0000
1.00000000 0.25000000 0.00000000 1.0000
0.00000000 0.35000000 0.00000000 1.0000
0.04166667 0.35000000 0.00000000 1.0000
0.12500000 0.35000000 0.00000000 1.0000
0.25000000 0.35000000 0.00000000 1.0000
0.41666667 0.35000000 0.00000000 1.0000
0.58333333 0.35000000 0.00000000 1.0000
0.75000000 0.35000000 0.00000000 1.0000
0.87500000 0.35000000 0.00000000 1.0000
0.95833333 0.35000000 0.00000000 1.0000
1.00000000 0.35000000 0.00000000 1.0000
0.00000000 0.45000000 0.00000000 1.0000
0.04166667 0.45000000 0.00000000 1.0000
0.12500000 0.45000000 0.00000000 1.0000
0.25000000 0.45000000 0.00000000 1.0000
0.41666667 0.45000000 0.00000000 1.0000
0.58333333 0.45000000 0.00000000 1.0000
0.75000000 0.45000000 0.00000000 1.0000
0.87500000 0.45000000 0.00000000 1.0000
0.95833333 0.45000000 0.00000000 1.0000
1.00000000 0.45000000 0.00000000 1.0000
0.00000000 0.55000000 0.00000000 1.0000
0.04166667 0.55000000 0.00000000 1.0000
0.12500000 0.55000000 0.00000000 1.0000
0.25000000 0.55000000 0.00000000 1.0000
0.41666667 0.55000000 0.00000000 1.0000
0.58333333 0.55000000 0.00000000 1.0000
0.75000000 0.55000000 0.00000000 1.0000
0.87500000 0.55000000 0.00000000 1.0000
0.95833333 0.55000000 0.00000000 1.0000
1.00000000 0.55000000 0.00000000 1.0000
0.00000000 0.65000000 0.00000000 1.0000
0.04166667 0.65000000 0.00000000 1.0000
0.12500000 0.65000000 0.00000000 1.0000
0.25000000 0.65000000 0.00000000 1.0000
0.41666667 0.65000000 0.00000000 1.0000
0.58333333 0.65000000 0.00000000 1.0000
0.75000000 0.65000000 0.00000000 1.0000
0.87500000 0.65000000 0.00000000 1.0000
0.95833333 0.65000000 0.00000000 1.0000
1.00000000 0.65000000 0.00000000 1.0000
0.00000000 0.72500000 0.00000000 1.0000
0.04166667 0.72500000 0.00000000 1.0000
0.12500000 0.72500000 0.00000000 1.0000
0.25000000 0.72500000 0.00000000 1.0000
0.41666667 0.72500000 0.00000000 1.0000
0.58333333 0.72500000 0.00000000 1.0000
0.75000000 0.72500000 0.00000000 1.0000
0.87500000 0.72500000 0.00000000 1.0000
0.95833333 0.72500000 0.00000000 1.0000
1.00000000 0.72500000 0.00000000 1.0000
0.00000000 0.77500000 0.00000000 1.0000
0.04166667 0.77500000 0.00000000 1.0000
0.12500000 0.77500000 0.00000000 1.0000
0.25000000 0.77500000 0.00000000 1.0000
0.41666667 0.77500000 0.00000000 1.0000
0.58333333 0.77500000 0.00000000 1.0000
0.75000000 0.77500000 0.00000000 1.0000
0.87500000 0.77500000 0.00000000 1.0000
0.95833333 0.77500000 0.00000000 1.0000
1.00000000 0.77500000 0.00000000 1.0000
0.00000000 0.80000000 0.00000000 1.0000
0.04166667 0.80000000 0.00000000 1.0000
0.12500000 0.80000000 0.00000000 1.0000
0.25000000 0.80000000 0.00000000 1.0000
0.41666667 0.80000000 0.00000000 1.0000
0.58333333 0.80000000 0.00000000 1.0000
0.75000000 0.80000000 0.00000000 1.0000
0.87500000 0.80000000 0.00000000 1.0000
0.95833333 0.80000000 0.00000000 1.0000
1.00000000 0.80000000 0.00000000 1.0000
