21
0 0.00000000 0.00000000 0.00000000 0.00000000 0.00000000 0.10000000 0.20000000 0.30000000 0.40000000 0.50000000 0.60000000 0.70000000 0.80000000 0.90000000 1.00000000 1.00000000 1.00000000 1.00000000 1.00000000 1
17
0 0.00000000 0.00000000 0.00000000 0.00000000 0.00000000 0.16666667 0.33333333 0.50000000 0.66666667 0.83333333 1.00000000 1.00000000 1.00000000 1.00000000 1.00000000 1
165
0.07725000 0.00000000 0.00000000 1.0000
0.07725000 0.00000000 0.00770000 1.0000
0.07725000 0.00000000 0.02310000 1.0000
0.07725000 0.00000000 0.04620000 1.0000
0.07725000 0.00000000 0.07700000 1.0000
0.07725000 0.00000000 0.11550000 1.0000
0.07725000 0.00000000 0.15400000 1.0000
0.07725000 0.00000000 0.18480000 1.0000
0.07725000 0.00000000 0.20790000 1.0000
0.07725000 0.00000000 0.22330000 1.0000
0.07725000 0.00000000 0.23100000 1.0000
0.07724968 0.00485397 0.00000000 1.0000
0.07724968 0.00485397 0.00770000 1.0000
0.07724968 0.00485397 0.02310000 1.0000
0.07724968 0.00485397 0.04620000 1.0000
0.07724968 0.00485397 0.07700000 1.0000
0.07724968 0.00485397 0.11550000 1.0000
0.07724968 0.00485397 0.15400000 1.0000
0.07724968 0.00485397 0.18480000 1.0000
0.07724968 0.00485397 0.20790000 1.0000
0.07724968 0.00485397 0.22330000 1.0000
0.07724968 0.00485397 0.23100000 1.0000
0.07647656 0.01455930 0.00000000 1.0000
0.07647656 0.01455930 0.00770000 1.0000
0.07647656 0.01455930 0.02310000 1.0000
0.07647656 0.01455930 0.04620000 1.0000
0.07647656 0.01455930 0.07700000 1.0000
0.07647656 0.01455930 0.11550000 1.0000
0.07647656 0.01455930 0.15400000 1.0000
0.07647656 0.01455930 0.18480000 1.0000
0.07647656 0.01455930 0.20790000 1.0000
0.07647656 0.01455930 0.22330000 1.0000
0.07647656 0.01455930 0.23100000 1.0000
0.07306553 0.02888534 0.00000000 1.0000
0.07306553 0.02888534 0.00770000 1.0000
0.07306553 0.02888534 0.02310000 1.0000
0.07306553 0.02888534 0.04620000 1.0000
0.07306553 0.02888534 0.07700000 1.0000
0.07306553 0.02888534 0.11550000 1.0000
0.07306553 0.02888534 0.15400000 1.0000
0.07306553 0.02888534 0.18480000 1.0000
0.07306553 0.02888534 0.20790000 1.0000
0.07306553 0.02888534 0.22330000 1.0000
0.07306553 0.02888534 0.23100000 1.0000
0.06405359 0.04654049 0.00000000 1.0000
0.06405359 0.04654049 0.00770000 1.0000
0.06405359 0.04654049 0.02310000 1.0000
0.06405359 0.04654049 0.04620000 1.0000
0.06405359 0.04654049 0.07700000 1.0000
0.06405359 0.04654049 0.11550000 1.0000
0.06405359 0.04654049 0.15400000 1.0000
0.06405359 0.04654049 0.18480000 1.0000
0.06405359 0.04654049 0.20790000 1.0000
0.06405359 0.04654049 0.22330000 1.0000
0.06405359 0.04654049 0.23100000 1.0000
0.04654437 0.06405946 0.00000000 1.0000
0.04654437 0.06405946 0.00770000 1.0000
0.04654437 0.06405946 0.02310000 1.0000
0.04654437 0.06405946 0.04620000 1.0000
0.04654437 0.06405946 0.07700000 1.0000
0.04654437 0.06405946 0.11550000 1.0000
0.04654437 0.06405946 0.15400000 1.0000
0.04654437 0.06405946 0.18480000 1.0000
0.04654437 0.06405946 0.20790000 1.0000
0.04654437 0.06405946 0.22330000 1.0000
0.04654437 0.06405946 0.23100000 1.0000
0.02446660 0.07530596 0.00000000 1.0000
0.02446660 0.07530596 0.00770000 1.0000
0.02446660 0.07530596 0.02310000 1.0000
0.02446660 0.07530596 0.04620000 1.0000
0.02446660 0.07530596 0.07700000 1.0000
0.02446660 0.07530596 0.11550000 1.0000
0.02446660 0.07530596 0.15400000 1.0000
0.02446660 0.07530596 0.18480000 1.0000
0.02446660 0.07530596 0.20790000 1.0000
0.02446660 0.07530596 0.22330000 1.0000
0.02446660 0.07530596 0.23100000 1.0000
0.00000093 0.07918141 0.00000000 1.0000
0.00000093 0.07918141 0.00770000 1.0000
0.00000093 0.07918141 0.02310000 1.0000
0.00000093 0.07918141 0.04620000 1.0000
0.00000093 0.07918141 0.07700000 1.0000
0.00000093 0.07918141 0.11550000 1.0000
0.00000093 0.07918141 0.15400000 1.0000
0.00000093 0.07918141 0.18480000 1.0000
0.00000093 0.07918141 0.20790000 1.0000
0.00000093 0.07918141 0.22330000 1.0000
0.00000093 0.07918141 0.23100000 1.0000
-0.02446842 0.07530590 0.00000000 1.0000
-0.02446842 0.07530590 0.00770000 1.0000
-0.02446842 0.07530590 0.02310000 1.0000
-0.02446842 0.07530590 0.04620000 1.0000
-0.02446842 0.07530590 0.07700000 1.0000
-0.02446842 0.07530590 0.11550000 1.0000
-0.02446842 0.07530590 0.15400000 1.0000
-0.02446842 0.07530590 0.18480000 1.0000
-0.02446842 0.07530590 0.20790000 1.0000
-0.02446842 0.07530590 0.22330000 1.0000
-0.02446842 0.07530590 0.23100000 1.0000
-0.04654259 0.06405924 0.00000000 1.0000
-0.04654259 0.06405924 0.00770000 1.0000
-0.04654259 0.06405924 0.02310000 1.0000
-0.04654259 0.06405924 0.04620000 1.0000
-0.04654259 0.06405924 0.07700000 1.0000
-0.04654259 0.06405924 0.11550000 1.0000
-0.04654259 0.06405924 0.15400000 1.0000
-0.04654259 0.06405924 0.18480000 1.0000
-0.04654259 0.06405924 0.20790000 1.0000
-0.04654259 0.06405924 0.22330000 1.0000
-0.04654259 0.06405924 0.23100000 1.0000
-0.06405628 0.04654142 0.00000000 1.0000
-0.06405628 0.04654142 0.00770000 1.0000
-0.06405628 0.04654142 0.02310000 1.0000
-0.06405628 0.04654142 0.04620000 1.0000
-0.06405628 0.04654142 0.07700000 1.0000
-0.06405628 0.04654142 0.11550000 1.0000
-0.06405628 0.04654142 0.15400000 1.0000
-0.06405628 0.04654142 0.18480000 1.0000
-0.06405628 0.04654142 0.20790000 1.0000
-0.06405628 0.04654142 0.22330000 1.0000
-0.06405628 0.04654142 0.23100000 1.0000
-0.07306149 0.02888380 0.00000000 1.0000
-0.07306149 0.02888380 0.00770000 1.0000
-0.07306149 0.02888380 0.02310000 1.0000
-0.07306149 0.02888380 0.04620000 1.0000
-0.07306149 0.02888380 0.07700000 1.0000
-0.07306149 0.02888380 0.11550000 1.0000
-0.07306149 0.02888380 0.15400000 1.0000
-0.07306149 0.02888380 0.18480000 1.0000
-0.07306149 0.02888380 0.20790000 1.0000
-0.07306149 0.02888380 0.22330000 1.0000
-0.07306149 0.02888380 0.23100000 1.0000
-0.07647973 0.01456006 0.00000000 1.0000
-0.07647973 0.01456006 0.00770000 1.0000
-0.07647973 0.01456006 0.02310000 1.0000
-0.07647973 0.01456006 0.04620000 1.0000
-0.07647973 0.01456006 0.07700000 1.0000
-0.07647973 0.01456006 0.11550000 1.0000
-0.07647973 0.01456006 0.15400000 1.0000
-0.07647973 0.01456006 0.18480000 1.0000
-0.07647973 0.01456006 0.20790000 1.0000
-0.07647973 0.01456006 0.22330000 1.0000
-0.07647973 0.01456006 0.23100000 1.0000
-0.07724941 0.00485382 0.00000000 1.0000
-0.07724941 0.00485382 0.00770000 1.0000
-0.07724941 0.00485382 0.02310000 1.0000
-0.07724941 0.00485382 0.04620000 1.0000
-0.07724941 0.00485382 0.07700000 1.0000
-0.07724941 0.00485382 0.11550000 1.0000
-0.07724941 0.00485382 0.15400000 1.0000
-0.07724941 0.00485382 0.18480000 1.0000
-0.07724941 0.00485382 0.20790000 1.0000
-0.07724941 0.00485382 0.22330000 1.0000
-0.07724941 0.00485382 0.23100000 1.0000
-0.07725000 0.00000000 0.00000000 1.0000
-0.07725000 0.00000000 0.00770000 1.0000
-0.07725000 0.00000000 0.02310000 1.0000
-0.07725000 0.00000000 0.04620000 1.0000
-0.07725000 0.00000000 0.07700000 1.0000
-0.07725000 0.00000000 0.11550000 1.0000
-0.07725000 0.00000000 0.15400000 1.0000
-0.07725000 0.00000000 0.18480000 1.0000
-0.07725000 0.00000000 0.20790000 1.0000
-0.07725000 0.00000000 0.22330000 1.0000
-0.07725000 0.00000000 0.23100000 1.0000
