19
0 0.00000000 0.00000000 0.00000000 0.00000000 0.10000000 0.20000000 0.30000000 0.40000000 0.50000000 0.60000000 0.70000000 0.80000000 0.90000000 1.00000000 1.00000000 1.00000000 1.00000000 1
25
0 0.00000000 0.00000000 0.00000000 0.00000000 0.06250000 0.12500000 0.18750000 0.25000000 0.31250000 0.37500000 0.43750000 0.50000000 0.56250000 0.62500000 0.68750000 0.75000000 0.81250000 0.87500000 0.93750000 1.00000000 1.00000000 1.00000000 1.00000000 1
280
0.07725000 0.00000000 0.00000000 1.0000
0.07724972 0.00379207 0.00000000 1.0000
0.07674663 0.01137534 0.00000000 1.0000
0.07451893 0.02260516 0.00000000 1.0000
0.06867996 0.03671101 0.00000000 1.0000
0.06019529 0.04940160 0.00000000 1.0000
0.04940207 0.06019695 0.00000000 1.0000
0.03670902 0.06867839 0.00000000 1.0000
0.02260521 0.07451987 0.00000000 1.0000
0.00763286 0.07749825 0.00000000 1.0000
-0.00763287 0.07749812 0.00000000 1.0000
-0.02260524 0.07451993 0.00000000 1.0000
-0.03670903 0.06867830 0.00000000 1.0000
-0.04940200 0.06019691 0.00000000 1.0000
-0.06019588 0.04940206 0.00000000 1.0000
-0.06867896 0.03671033 0.00000000 1.0000
-0.07451850 0.02260509 0.00000000 1.0000
-0.07674848 0.01137553 0.00000000 1.0000
-0.07724951 0.00379204 0.00000000 1.0000
-0.07725000 0.00000000 0.00000000 1.0000
0.07725000 0.00000000 0.00577500 1.0000
0.07724972 0.00379207 0.00577500 1.0000
0.07674663 0.01137534 0.00577500 1.0000
0.07451893 0.02260516 0.00577500 1.0000
0.06867996 0.03671101 0.00577500 1.0000
0.06019529 0.04940160 0.00577500 1.0000
0.04940207 0.06019695 0.00577500 1.0000
0.03670902 0.06867839 0.00577500 1.0000
0.02260521 0.07451987 0.00577500 1.0000
0.00763286 0.07749825 0.00577500 1.0000
-0.00763287 0.07749812 0.00577500 1.0000
-0.02260524 0.07451993 0.00577500 1.0000
-0.03670903 0.06867830 0.00577500 1.0000
-0.04940200 0.06019691 0.00577500 1.0000
-0.06019588 0.04940206 0.00577500 1.0000
-0.06867896 0.03671033 0.00577500 1.0000
-0.07451850 0.02260509 0.00577500 1.0000
-0.07674848 0.01137553 0.00577500 1.0000
-0.07724951 0.00379204 0.00577500 1.0000
-0.07725000 0.00000000 0.00577500 1.0000
0.07725000 0.00000000 0.01732500 1.0000
0.07724972 0.00379207 0.01732500 1.0000
0.07674663 0.01137534 0.01732500 1.0000
0.07451893 0.02260516 0.01732500 1.0000
0.06867996 0.03671101 0.01732500 1.0000
0.06019529 0.04940160 0.01732500 1.0000
0.04940207 0.06019695 0.01732500 1.0000
0.03670902 0.06867839 0.01732500 1.0000
0.02260521 0.07451987 0.01732500 1.0000
0.00763286 0.07749825 0.01732500 1.0000
-0.00763287 0.07749812 0.01732500 1.0000
-0.02260524 0.07451993 0.01732500 1.0000
-0.03670903 0.06867830 0.01732500 1.0000
-0.04940200 0.06019691 0.01732500 1.0000
-0.06019588 0.04940206 0.01732500 1.0000
-0.06867896 0.03671033 0.01732500 1.0000
-0.07451850 0.02260509 0.01732500 1.0000
-0.07674848 0.01137553 0.01732500 1.0000
-0.07724951 0.00379204 0.01732500 1.0000
-0.07725000 0.00000000 0.01732500 1.0000
0.07725000 0.00000000 0.03465000 1.0000
0.07724972 0.00379207 0.03465000 1.0000
0.07674663 0.01137534 0.03465000 1.0000
0.07451893 0.02260516 0.03465000 1.0000
0.06867996 0.03671101 0.03465000 1.0000
0.06019529 0.04940160 0.03465000 1.0000
0.04940207 0.06019695 0.03465000 1.0000
0.03670902 0.06867839 0.03465000 1.0000
0.02260521 0.07451987 0.03465000 1.0000
0.00763286 0.07749825 0.03465000 1.0000
-0.00763287 0.07749812 0.03465000 1.0000
-0.02260524 0.07451993 0.03465000 1.0000
-0.03670903 0.06867830 0.03465000 1.0000
-0.04940200 0.06019691 0.03465000 1.0000
-0.06019588 0.04940206 0.03465000 1.0000
-0.06867896 0.03671033 0.03465000 1.0000
-0.07451850 0.02260509 0.03465000 1.0000
-0.07674848 0.01137553 0.03465000 1.0000
-0.07724951 0.00379204 0.03465000 1.0000
-0.07725000 0.00000000 0.03465000 1.0000
0.07725000 0.00000000 0.05775000 1.0000
0.07724972 0.00379207 0.05775000 1.0000
0.07674663 0.01137534 0.05775000 1.0000
0.07451893 0.02260516 0.05775000 1.0000
0.06867996 0.03671101 0.05775000 1.0000
0.06019529 0.04940160 0.05775000 1.0000
0.04940207 0.06019695 0.05775000 1.0000
0.03670902 0.06867839 0.05775000 1.0000
0.02260521 0.07451987 0.05775000 1.0000
0.00763286 0.07749825 0.05775000 1.0000
-0.00763287 0.07749812 0.05775000 1.0000
-0.02260524 0.07451993 0.05775000 1.0000
-0.03670903 0.06867830 0.05775000 1.0000
-0.04940200 0.06019691 0.05775000 1.0000
-0.06019588 0.04940206 0.05775000 1.0000
-0.06867896 0.03671033 0.05775000 1.0000
-0.07451850 0.02260509 0.05775000 1.0000
-0.07674848 0.01137553 0.05775000 1.0000
-0.07724951 0.00379204 0.05775000 1.0000
-0.07725000 0.00000000 0.05775000 1.0000
0.07725000 0.00000000 0.08085000 1.0000
0.07724972 0.00379207 0.08085000 1.0000
0.07674663 0.01137534 0.08085000 1.0000
0.07451893 0.02260516 0.08085000 1.0000
0.06867996 0.03671101 0.08085000 1.0000
0.06019529 0.04940160 0.08085000 1.0000
0.04940207 0.06019695 0.08085000 1.0000
0.03670902 0.06867839 0.08085000 1.0000
0.02260521 0.07451987 0.08085000 1.0000
0.00763286 0.07749825 0.08085000 1.0000
-0.00763287 0.07749812 0.08085000 1.0000
-0.02260524 0.07451993 0.08085000 1.0000
-0.03670903 0.06867830 0.08085000 1.0000
-0.04940200 0.06019691 0.08085000 1.0000
-0.06019588 0.04940206 0.08085000 1.0000
-0.06867896 0.03671033 0.08085000 1.0000
-0.07451850 0.02260509 0.08085000 1.0000
-0.07674848 0.01137553 0.08085000 1.0000
-0.07724951 0.00379204 0.08085000 1.0000
-0.07725000 0.00000000 0.08085000 1.0000
0.07725000 0.00000000 0.10395000 1.0000
0.07724972 0.00379207 0.10395000 1.0000
0.07674663 0.01137534 0.10395000 1.0000
0.07451893 0.02260516 0.10395000 1.0000
0.06867996 0.03671101 0.10395000 1.0000
0.06019529 0.04940160 0.10395000 1.0000
0.04940207 0.06019695 0.10395000 1.0000
0.03670902 0.06867839 0.10395000 1.0000
0.02260521 0.07451987 0.10395000 1.0000
0.00763286 0.07749825 0.10395000 1.0000
-0.00763287 0.07749812 0.10395000 1.0000
-0.02260524 0.07451993 0.10395000 1.0000
-0.03670903 0.06867830 0.10395000 1.0000
-0.04940200 0.06019691 0.10395000 1.0000
-0.06019588 0.04940206 0.10395000 1.0000
-0.06867896 0.03671033 0.10395000 1.0000
-0.07451850 0.02260509 0.10395000 1.0000
-0.07674848 0.01137553 0.10395000 1.0000
-0.07724951 0.00379204 0.10395000 1.0000
-0.07725000 0.00000000 0.10395000 1.0000
0.07725000 0.00000000 0.12705000 1.0000
0.07724972 0.00379207 0.12705000 1.0000
0.07674663 0.01137534 0.12705000 1.0000
0.07451893 0.02260516 0.12705000 1.0000
0.06867996 0.03671101 0.12705000 1.0000
0.06019529 0.04940160 0.12705000 1.0000
0.04940207 0.06019695 0.12705000 1.0000
0.03670902 0.06867839 0.12705000 1.0000
0.02260521 0.07451987 0.12705000 1.0000
0.00763286 0.07749825 0.12705000 1.0000
-0.00763287 0.07749812 0.12705000 1.0000
-0.02260524 0.07451993 0.12705000 1.0000
-0.03670903 0.06867830 0.12705000 1.0000
-0.04940200 0.06019691 0.12705000 1.0000
-0.06019588 0.04940206 0.12705000 1.0000
-0.06867896 0.03671033 0.12705000 1.0000
-0.07451850 0.02260509 0.12705000 1.0000
-0.07674848 0.01137553 0.12705000 1.0000
-0.07724951 0.00379204 0.12705000 1.0000
-0.07725000 0.00000000 0.12705000 1.0000
0.07725000 0.00000000 0.15015000 1.0000
0.07724972 0.00379207 0.15015000 1.0000
0.07674663 0.01137534 0.15015000 1.0000
0.07451893 0.02260516 0.15015000 1.0000
0.06867996 0.03671101 0.15015000 1.0000
0.06019529 0.04940160 0.15015000 1.0000
0.04940207 0.06019695 0.15015000 1.0000
0.03670902 0.06867839 0.15015000 1.0000
0.02260521 0.07451987 0.15015000 1.0000
0.00763286 0.07749825 0.15015000 1.0000
-0.00763287 0.07749812 0.15015000 1.0000
-0.02260524 0.07451993 0.15015000 1.0000
-0.03670903 0.06867830 0.15015000 1.0000
-0.04940200 0.06019691 0.15015000 1.0000
-0.06019588 0.04940206 0.15015000 1.0000
-0.06867896 0.03671033 0.15015000 1.0000
-0.07451850 0.02260509 0.15015000 1.0000
-0.07674848 0.01137553 0.15015000 1.0000
-0.07724951 0.00379204 0.15015000 1.0000
-0.07725000 0.00000000 0.15015000 1.0000
0.07725000 0.00000000 0.17325000 1.0000
0.07724972 0.00379207 0.17325000 1.0000
0.07674663 0.01137534 0.17325000 1.0000
0.07451893 0.02260516 0.17325000 1.0000
0.06867996 0.03671101 0.17325000 1.0000
0.06019529 0.04940160 0.17325000 1.0000
0.04940207 0.06019695 0.17325000 1.0000
0.03670902 0.06867839 0.17325000 1.0000
0.02260521 0.07451987 0.17325000 1.0000
0.00763286 0.07749825 0.17325000 1.0000
-0.00763287 0.07749812 0.17325000 1.0000
-0.02260524 0.07451993 0.17325000 1.0000
-0.03670903 0.06867830 0.17325000 1.0000
-0.04940200 0.06019691 0.17325000 1.0000
-0.06019588 0.04940206 0.17325000 1.0000
-0.06867896 0.03671033 0.17325000 1.0000
-0.07451850 0.02260509 0.17325000 1.0000
-0.07674848 0.01137553 0.17325000 1.0000
-0.07724951 0.00379204 0.17325000 1.0000
-0.07725000 0.00000000 0.17325000 1.0000
0.07725000 0.00000000 0.19635000 1.0000
0.07724972 0.00379207 0.19635000 1.0000
0.07674663 0.01137534 0.19635000 1.0000
0.07451893 0.02260516 0.19635000 1.0000
0.06867996 0.03671101 0.19635000 1.0000
0.06019529 0.04940160 0.19635000 1.0000
0.04940207 0.06019695 0.19635000 1.0000
0.03670902 0.06867839 0.19635000 1.0000
0.02260521 0.07451987 0.19635000 1.0000
0.00763286 0.07749825 0.19635000 1.0000
-0.00763287 0.07749812 0.19635000 1.0000
-0.02260524 0.07451993 0.19635000 1.0000
-0.03670903 0.06867830 0.19635000 1.0000
-0.04940200 0.06019691 0.19635000 1.0000
-0.06019588 0.04940206 0.19635000 1.0000
-0.06867896 0.03671033 0.19635000 1.0000
-0.07451850 0.02260509 0.19635000 1.0000
-0.07674848 0.01137553 0.19635000 1.0000
-0.07724951 0.00379204 0.19635000 1.0000
-0.07725000 0.00000000 0.19635000 1.0000
0.07725000 0.00000000 0.21367500 1.0000
0.07724972 0.00379207 0.21367500 1.0000
0.07674663 0.01137534 0.21367500 1.0000
0.07451893 0.02260516 0.21367500 1.0000
0.06867996 0.03671101 0.21367500 1.0000
0.06019529 0.04940160 0.21367500 1.0000
0.04940207 0.06019695 0.21367500 1.0000
0.03670902 0.06867839 0.21367500 1.0000
0.02260521 0.07451987 0.21367500 1.0000
0.00763286 0.07749825 0.21367500 1.0000
-0.00763287 0.07749812 0.21367500 1.0000
-0.02260524 0.07451993 0.21367500 1.0000
-0.03670903 0.06867830 0.21367500 1.0000
-0.04940200 0.06019691 0.21367500 1.0000
-0.06019588 0.04940206 0.21367500 1.0000
-0.06867896 0.03671033 0.21367500 1.0000
-0.07451850 0.02260509 0.21367500 1.0000
-0.07674848 0.01137553 0.21367500 1.0000
-0.07724951 0.00379204 0.21367500 1.0000
-0.07725000 0.00000000 0.21367500 1.0000
0.07725000 0.00000000 0.22522500 1.0000
0.07724972 0.00379207 0.22522500 1.0000
0.07674663 0.01137534 0.22522500 1.0000
0.07451893 0.02260516 0.22522500 1.0000
0.06867996 0.03671101 0.22522500 1.0000
0.06019529 0.04940160 0.22522500 1.0000
0.04940207 0.06019695 0.22522500 1.0000
0.03670902 0.06867839 0.22522500 1.0000
0.02260521 0.07451987 0.22522500 1.0000
0.00763286 0.07749825 0.22522500 1.0000
-0.00763287 0.07749812 0.22522500 1.0000
-0.02260524 0.07451993 0.22522500 1.0000
-0.03670903 0.06867830 0.22522500 1.0000
-0.04940200 0.06019691 0.22522500 1.0000
-0.06019588 0.04940206 0.22522500 1.0000
-0.06867896 0.03671033 0.22522500 1.0000
-0.07451850 0.02260509 0.22522500 1.0000
-0.07674848 0.01137553 0.22522500 1.0000
-0.07724951 0.00379204 0.22522500 1.0000
-0.07725000 0.00000000 0.22522500 1.0000
0.07725000 0.00000000 0.23100000 1.0000
0.07724972 0.00379207 0.23100000 1.0000
0.07674663 0.01137534 0.23100000 1.0000
0.07451893 0.02260516 0.23100000 1.0000
0.06867996 0.03671101 0.23100000 1.0000
0.06019529 0.04940160 0.23100000 1.0000
0.04940207 0.06019695 0.23100000 1.0000
0.03670902 0.06867839 0.23100000 1.0000
0.02260521 0.07451987 0.23100000 1.0000
0.00763286 0.07749825 0.23100000 1.0000
-0.00763287 0.07749812 0.23100000 1.0000
-0.02260524 0.07451993 0.23100000 1.0000
-0.03670903 0.06867830 0.23100000 1.0000
-0.04940200 0.06019691 0.23100000 1.0000
-0.06019588 0.04940206 0.23100000 1.0000
-0.06867896 0.03671033 0.23100000 1.0000
-0.07451850 0.02260509 0.23100000 1.0000
-0.07674848 0.01137553 0.23100000 1.0000
-0.07724951 0.00379204 0.23100000 1.0000
-0.07725000 0.00000000 0.23100000 1.0000
