17
0 0.00000000 0.00000000 0.00000000 0.00000000 0.00000000 0.00000000 0.25000000 0.50000000 0.75000000 1.00000000 1.00000000 1.00000000 1.00000000 1.00000000 1.00000000 1
19
0 0.00000000 0.00000000 0.00000000 0.00000000 0.00000000 0.00000000 0.16666667 0.33333333 0.50000000 0.66666667 0.83333333 1.00000000 1.00000000 1.00000000 1.00000000 1.00000000 1.00000000 1
120
-0.07725000 0.00000000 -0.16170000 1.0000
-0.07724420 -0.00674086 -0.16170000 1.0000
-0.07583894 -0.02022323 -0.16170000 1.0000
-0.06948533 -0.03989676 -0.16170000 1.0000
-0.05292557 -0.06278293 -0.16170000 1.0000
-0.02166127 -0.08085274 -0.16170000 1.0000
0.02165897 -0.08083070 -0.16170000 1.0000
0.05293095 -0.06279836 -0.16170000 1.0000
0.06948009 -0.03988874 -0.16170000 1.0000
0.07584105 -0.02022573 -0.16170000 1.0000
0.07724469 -0.00674043 -0.16170000 1.0000
0.07725000 -0.00000000 -0.16170000 1.0000
-0.07725000 0.00000000 -0.15496250 1.0000
-0.07724420 -0.00674086 -0.15496250 1.0000
-0.07583894 -0.02022323 -0.15496250 1.0000
-0.06948533 -0.03989676 -0.15496250 1.0000
-0.05292557 -0.06278293 -0.15496250 1.0000
-0.02166127 -0.08085274 -0.15496250 1.0000
0.02165897 -0.08083070 -0.15496250 1.0000
0.05293095 -0.06279836 -0.15496250 1.0000
0.06948009 -0.03988874 -0.15496250 1.0000
0.07584105 -0.02022573 -0.15496250 1.0000
0.07724469 -0.00674043 -0.15496250 1.0000
0.07725000 -0.00000000 -0.15496250 1.0000
-0.07725000 0.00000000 -0.14148750 1.0000
-0.07724420 -0.00674086 -0.14148750 1.0000
-0.07583894 -0.02022323 -0.14148750 1.0000
-0.06948533 -0.03989676 -0.14148750 1.0000
-0.05292557 -0.06278293 -0.14148750 1.0000
-0.02166127 -0.08085274 -0.14148750 1.0000
0.02165897 -0.08083070 -0.14148750 1.0000
0.05293095 -0.06279836 -0.14148750 1.0000
0.06948009 -0.03988874 -0.14148750 1.0000
0.07584105 -0.02022573 -0.14148750 1.0000
0.07724469 -0.00674043 -0.14148750 1.0000
0.07725000 -0.00000000 -0.14148750 1.0000
-0.07725000 0.00000000 -0.12127500 1.0000
-0.07724420 -0.00674086 -0.12127500 1.0000
-0.07583894 -0.02022323 -0.12127500 1.0000
-0.06948533 -0.03989676 -0.12127500 1.0000
-0.05292557 -0.06278293 -0.12127500 1.0000
-0.02166127 -0.08085274 -0.12127500 1.0000
0.02165897 -0.08083070 -0.12127500 1.0000
0.05293095 -0.06279836 -0.12127500 1.0000
0.06948009 -0.03988874 -0.12127500 1.0000
0.07584105 -0.02022573 -0.12127500 1.0000
0.07724469 -0.00674043 -0.12127500 1.0000
0.07725000 -0.00000000 -0.12127500 1.0000
-0.07725000 0.00000000 -0.09432500 1.0000
-0.07724420 -0.00674086 -0.09432500 1.0000
-0.07583894 -0.02022323 -0.09432500 1.0000
-0.06948533 -0.03989676 -0.09432500 1.0000
-0.05292557 -0.06278293 -0.09432500 1.0000
-0.02166127 -0.08085274 -0.09432500 1.0000
0.02165897 -0.08083070 -0.09432500 1.0000
0.05293095 -0.06279836 -0.09432500 1.0000
0.06948009 -0.03988874 -0.09432500 1.0000
0.07584105 -0.02022573 -0.09432500 1.0000
0.07724469 -0.00674043 -0.09432500 1.0000
0.07725000 -0.00000000 -0.09432500 1.0000
-0.07725000 0.00000000 -0.06737500 1.0000
-0.07724420 -0.00674086 -0.06737500 1.0000
-0.07583894 -0.02022323 -0.06737500 1.0000
-0.06948533 -0.03989676 -0.06737500 1.0000
-0.05292557 -0.06278293 -0.06737500 1.0000
-0.02166127 -0.08085274 -0.06737500 1.0000
0.02165897 -0.08083070 -0.06737500 1.0000
0.05293095 -0.06279836 -0.06737500 1.0000
0.06948009 -0.03988874 -0.06737500 1.0000
0.07584105 -0.02022573 -0.06737500 1.0000
0.07724469 -0.00674043 -0.06737500 1.0000
0.07725000 -0.00000000 -0.06737500 1.0000
-0.07725000 0.00000000 -0.04042500 1.0000
-0.07724420 -0.00674086 -0.04042500 1.0000
-0.07583894 -0.02022323 -0.04042500 1.0000
-0.06948533 -0.03989676 -0.04042500 1.0000
-0.05292557 -0.06278293 -0.04042500 1.0000
-0.02166127 -0.08085274 -0.04042500 1.0000
0.02165897 -0.08083070 -0.04042500 1.0000
0.05293095 -0.06279836 -0.04042500 1.0000
0.06948009 -0.03988874 -0.04042500 1.0000
0.07584105 -0.02022573 -0.04042500 1.0000
0.07724469 -0.00674043 -0.04042500 1.0000
0.07725000 -0.00000000 -0.04042500 1.0000
-0.07725000 0.00000000 -0.02021250 1.0000
-0.07724420 -0.00674086 -0.02021250 1.0000
-0.07583894 -0.02022323 -0.02021250 1.0000
-0.06948533 -0.03989676 -0.02021250 1.0000
-0.05292557 -0.06278293 -0.02021250 1.0000
-0.02166127 -0.08085274 -0.02021250 1.0000
0.02165897 -0.08083070 -0.02021250 1.0000
0.05293095 -0.06279836 -0.02021250 1.0000
0.06948009 -0.03988874 -0.02021250 1.0000
0.07584105 -0.02022573 -0.02021250 1.0000
0.07724469 -0.00674043 -0.02021250 1.0000
0.07725000 -0.00000000 -0.02021250 1.0000
-0.07725000 0.00000000 -0.00673750 1.0000
-0.07724420 -0.00674086 -0.00673750 1.0000
-0.07583894 -0.02022323 -0.00673750 1.0000
-0.06948533 -0.03989676 -0.00673750 1.0000
-0.05292557 -0.06278293 -0.00673750 1.0000
-0.02166127 -0.08085274 -0.00673750 1.0000
0.02165897 -0.08083070 -0.00673750 1.0000
0.05293095 -0.06279836 -0.00673750 1.0000
0.06948009 -0.03988874 -0.00673750 1.0000
0.07584105 -0.02022573 -0.00673750 1.0000
0.07724469 -0.00674043 -0.00673750 1.0000
0.07725000 -0.00000000 -0.00673750 1.0000
-0.07725000 0.00000000 -0.00000000 1.0000
-0.07724420 -0.00674086 -0.00000000 1.0000
-0.07583894 -0.02022323 0.00000000 1.0000
-0.06948533 -0.03989676 -0.00000000 1.0000
-0.05292557 -0.06278293 0.00000000 1.0000
-0.02166127 -0.08085274 -0.00000000 1.0000
0.02165897 -0.08083070 0.00000000 1.0000
0.05293095 -0.06279836 0.00000000 1.0000
0.06948009 -0.03988874 -0.00000000 1.0000
0.07584105 -0.02022573 0.00000000 1.0000
0.07724469 -0.00674043 -0.00000000 1.0000
0.07725000 -0.00000000 -0.00000000 1.0000
