21
0 0.00000000 0.00000000 0.00000000 0.00000000 0.00000000 0.10000000 0.20000000 0.30000000 0.40000000 0.50000000 0.60000000 0.70000000 0.80000000 0.90000000 1.00000000 1.00000000 1.00000000 1.00000000 1.00000000 1
17
0 0.00000000 0.00000000 0.00000000 0.00000000 0.00000000 0.16666667 0.33333333 0.50000000 0.66666667 0.83333333 1.00000000 1.00000000 1.00000000 1.00000000 1.00000000 1
165
-0.07725000 0.00000000 0.00000000 1.0000
-0.07725000 0.00000000 0.00770000 1.0000
-0.07725000 0.00000000 0.02310000 1.0000
-0.07725000 0.00000000 0.04620000 1.0000
-0.07725000 0.00000000 0.07700000 1.0000
-0.07725000 0.00000000 0.11550000 1.0000
-0.07725000 0.00000000 0.15400000 1.0000
-0.07725000 0.00000000 0.18480000 1.0000
-0.07725000 0.00000000 0.20790000 1.0000
-0.07725000 0.00000000 0.22330000 1.0000
-0.07725000 0.00000000 0.23100000 1.0000
-0.07724960 -0.00485423 0.00000000 1.0000
-0.07725065 -0.00485423 0.00770000 1.0000
-0.07724967 -0.00485423 0.02310000 1.0000
-0.07725057 -0.00485423 0.04620000 1.0000
-0.07724989 -0.00485423 0.07700000 1.0000
-0.07725034 -0.00485423 0.11550000 1.0000
-0.07724989 -0.00485423 0.15400000 1.0000
-0.07725057 -0.00485423 0.18480000 1.0000
-0.07724967 -0.00485423 0.20790000 1.0000
-0.07725065 -0.00485423 0.22330000 1.0000
-0.07724960 -0.00485423 0.23100000 1.0000
-0.07647693 -0.01455934 0.00000000 1.0000
-0.07649100 -0.01455951 0.00770000 1.0000
-0.07647814 -0.01455935 0.02310000 1.0000
-0.07649019 -0.01455950 0.04620000 1.0000
-0.07648122 -0.01455939 0.07700000 1.0000
-0.07648736 -0.01455947 0.11550000 1.0000
-0.07648122 -0.01455939 0.15400000 1.0000
-0.07649019 -0.01455950 0.18480000 1.0000
-0.07647814 -0.01455935 0.20790000 1.0000
-0.07649100 -0.01455951 0.22330000 1.0000
-0.07647693 -0.01455934 0.23100000 1.0000
-0.07306347 -0.02889263 0.00000000 1.0000
-0.07311231 -0.02889331 0.00770000 1.0000
-0.07306733 -0.02889268 0.02310000 1.0000
-0.07310913 -0.02889326 0.04620000 1.0000
-0.07307789 -0.02889283 0.07700000 1.0000
-0.07309902 -0.02889312 0.11550000 1.0000
-0.07307789 -0.02889283 0.15400000 1.0000
-0.07310913 -0.02889326 0.18480000 1.0000
-0.07306733 -0.02889268 0.20790000 1.0000
-0.07311231 -0.02889331 0.22330000 1.0000
-0.07306347 -0.02889263 0.23100000 1.0000
-0.06405030 -0.04654133 0.00000000 1.0000
-0.06405002 -0.04654132 0.00770000 1.0000
-0.06405538 -0.04654140 0.02310000 1.0000
-0.06405585 -0.04654140 0.04620000 1.0000
-0.06405713 -0.04654142 0.07700000 1.0000
-0.06405972 -0.04654145 0.11550000 1.0000
-0.06405713 -0.04654142 0.15400000 1.0000
-0.06405585 -0.04654140 0.18480000 1.0000
-0.06405538 -0.04654140 0.20790000 1.0000
-0.06405002 -0.04654132 0.22330000 1.0000
-0.06405030 -0.04654133 0.23100000 1.0000
-0.04654943 -0.06405541 0.00000000 1.0000
-0.04655202 -0.06405544 0.00770000 1.0000
-0.04654853 -0.06405539 0.02310000 1.0000
-0.04655058 -0.06405542 0.04620000 1.0000
-0.04654869 -0.06405540 0.07700000 1.0000
-0.04654922 -0.06405540 0.11550000 1.0000
-0.04654869 -0.06405540 0.15400000 1.0000
-0.04655058 -0.06405542 0.18480000 1.0000
-0.04654853 -0.06405539 0.20790000 1.0000
-0.04655202 -0.06405544 0.22330000 1.0000
-0.04654943 -0.06405541 0.23100000 1.0000
-0.02447069 -0.07530511 0.00000000 1.0000
-0.02446949 -0.07530509 0.00770000 1.0000
-0.02447102 -0.07530512 0.02310000 1.0000
-0.02447005 -0.07530510 0.04620000 1.0000
-0.02447091 -0.07530511 0.07700000 1.0000
-0.02447062 -0.07530511 0.11550000 1.0000
-0.02447091 -0.07530511 0.15400000 1.0000
-0.02447005 -0.07530510 0.18480000 1.0000
-0.02447102 -0.07530512 0.20790000 1.0000
-0.02446949 -0.07530509 0.22330000 1.0000
-0.02447069 -0.07530511 0.23100000 1.0000
-0.00000453 -0.07918137 0.00000000 1.0000
-0.00000501 -0.07918138 0.00770000 1.0000
-0.00000440 -0.07918137 0.02310000 1.0000
-0.00000479 -0.07918138 0.04620000 1.0000
-0.00000445 -0.07918137 0.07700000 1.0000
-0.00000457 -0.07918137 0.11550000 1.0000
-0.00000445 -0.07918137 0.15400000 1.0000
-0.00000479 -0.07918138 0.18480000 1.0000
-0.00000440 -0.07918137 0.20790000 1.0000
-0.00000501 -0.07918138 0.22330000 1.0000
-0.00000453 -0.07918137 0.23100000 1.0000
0.02446598 -0.07530697 0.00000000 1.0000
0.02446610 -0.07530695 0.00770000 1.0000
0.02446596 -0.07530697 0.02310000 1.0000
0.02446606 -0.07530696 0.04620000 1.0000
0.02446597 -0.07530697 0.07700000 1.0000
0.02446601 -0.07530696 0.11550000 1.0000
0.02446597 -0.07530697 0.15400000 1.0000
0.02446606 -0.07530696 0.18480000 1.0000
0.02446596 -0.07530697 0.20790000 1.0000
0.02446610 -0.07530695 0.22330000 1.0000
0.02446598 -0.07530697 0.23100000 1.0000
0.04654133 -0.06406021 0.00000000 1.0000
0.04654145 -0.06406023 0.00770000 1.0000
0.04654125 -0.06406020 0.02310000 1.0000
0.04654134 -0.06406022 0.04620000 1.0000
0.04654124 -0.06406020 0.07700000 1.0000
0.04654125 -0.06406021 0.11550000 1.0000
0.04654124 -0.06406020 0.15400000 1.0000
0.04654134 -0.06406022 0.18480000 1.0000
0.04654125 -0.06406020 0.20790000 1.0000
0.04654145 -0.06406023 0.22330000 1.0000
0.04654133 -0.06406021 0.23100000 1.0000
0.06405516 -0.04654285 0.00000000 1.0000
0.06405534 -0.04654284 0.00770000 1.0000
0.06405573 -0.04654289 0.02310000 1.0000
0.06405596 -0.04654289 0.04620000 1.0000
0.06405596 -0.04654290 0.07700000 1.0000
0.06405633 -0.04654292 0.11550000 1.0000
0.06405596 -0.04654290 0.15400000 1.0000
0.06405596 -0.04654289 0.18480000 1.0000
0.06405573 -0.04654289 0.20790000 1.0000
0.06405534 -0.04654284 0.22330000 1.0000
0.06405516 -0.04654285 0.23100000 1.0000
0.07306107 -0.02888528 0.00000000 1.0000
0.07306623 -0.02888565 0.00770000 1.0000
0.07306148 -0.02888531 0.02310000 1.0000
0.07306590 -0.02888563 0.04620000 1.0000
0.07306260 -0.02888539 0.07700000 1.0000
0.07306484 -0.02888555 0.11550000 1.0000
0.07306260 -0.02888539 0.15400000 1.0000
0.07306590 -0.02888563 0.18480000 1.0000
0.07306148 -0.02888531 0.20790000 1.0000
0.07306623 -0.02888565 0.22330000 1.0000
0.07306107 -0.02888528 0.23100000 1.0000
0.07686473 -0.01456067 -0.00000000 1.0000
0.07686473 -0.01456067 0.00770000 1.0000
0.07686473 -0.01456067 0.02310000 1.0000
0.07686473 -0.01456067 0.04620000 1.0000
0.07686473 -0.01456067 0.07700000 1.0000
0.07686473 -0.01456067 0.11550000 1.0000
0.07686473 -0.01456067 0.15400000 1.0000
0.07686473 -0.01456067 0.18480000 1.0000
0.07686473 -0.01456067 0.20790000 1.0000
0.07686473 -0.01456067 0.22330000 1.0000
0.07686473 -0.01456067 0.23100000 1.0000
0.07725032 -0.00485400 0.00000000 1.0000
0.07725032 -0.00485400 0.00770000 1.0000
0.07725032 -0.00485400 0.02310000 1.0000
0.07725032 -0.00485400 0.04620000 1.0000
0.07725032 -0.00485400 0.07700000 1.0000
0.07725032 -0.00485400 0.11550000 1.0000
0.07725032 -0.00485400 0.15400000 1.0000
0.07725032 -0.00485400 0.18480000 1.0000
0.07725032 -0.00485400 0.20790000 1.0000
0.07725032 -0.00485400 0.22330000 1.0000
0.07725032 -0.00485400 0.23100000 1.0000
0.07725000 0.00000000 0.00000000 1.0000
0.07725000 0.00000000 0.00770000 1.0000
0.07725000 0.00000000 0.02310000 1.0000
0.07725000 0.00000000 0.04620000 1.0000
0.07725000 0.00000000 0.07700000 1.0000
0.07725000 0.00000000 0.11550000 1.0000
0.07725000 0.00000000 0.15400000 1.0000
0.07725000 0.00000000 0.18480000 1.0000
0.07725000 0.00000000 0.20790000 1.0000
0.07725000 0.00000000 0.22330000 1.0000
0.07725000 0.00000000 0.23100000 1.0000
