19
0 0.000000 0.000000 0.000000 0.000000 0.100000 0.200000 0.300000 0.400000 0.500000 0.600000 0.700000 0.800000 0.900000 1.000000 1.000000 1.000000 1.000000 1
25
0 0.000000 0.000000 0.000000 0.000000 0.062500 0.125000 0.187500 0.250000 0.312500 0.375000 0.437500 0.500000 0.562500 0.625000 0.687500 0.750000 0.812500 0.875000 0.937500 1.000000 1.000000 1.000000 1.000000 1
280
0.000000 0.000000 0.000000 1.000000
0.015625 0.000000 0.000000 1.000000
0.046875 0.000000 0.000000 1.000000
0.093750 0.000000 0.000000 1.000000
0.156250 0.000000 0.000000 1.000000
0.218750 0.000000 0.000000 1.000000
0.281250 0.000000 0.000000 1.000000
0.343750 0.000000 0.000000 1.000000
0.406250 0.000000 0.000000 1.000000
0.468750 0.000000 0.000000 1.000000
0.531250 0.000000 0.000000 1.000000
0.593750 0.000000 0.000000 1.000000
0.656250 0.000000 0.000000 1.000000
0.718750 0.000000 0.000000 1.000000
0.781250 0.000000 0.000000 1.000000
0.843750 0.000000 0.000000 1.000000
0.906250 0.000000 0.000000 1.000000
0.953125 0.000000 0.000000 1.000000
0.984375 0.000000 0.000000 1.000000
1.000000 0.000000 0.000000 1.000000
0.000000 0.015000 0.000000 1.000000
0.015625 0.015000 0.000000 1.000000
0.046875 0.015000 0.000000 1.000000
0.093750 0.015000 0.000000 1.000000
0.156250 0.015000 0.000000 1.000000
0.218750 0.015000 0.000000 1.000000
0.281250 0.015000 0.000000 1.000000
0.343750 0.015000 0.000000 1.000000
0.406250 0.015000 0.000000 1.000000
0.468750 0.015000 0.000000 1.000000
0.531250 0.015000 0.000000 1.000000
0.593750 0.015000 0.000000 1.000000
0.656250 0.015000 0.000000 1.000000
0.718750 0.015000 0.000000 1.000000
0.781250 0.015000 0.000000 1.000000
0.843750 0.015000 0.000000 1.000000
0.906250 0.015000 0.000000 1.000000
0.953125 0.015000 0.000000 1.000000
0.984375 0.015000 0.000000 1.000000
1.000000 0.015000 0.000000 1.000000
0.000000 0.045000 0.000000 1.000000
0.015625 0.045000 0.000000 1.000000
0.046875 0.045000 0.000000 1.000000
0.093750 0.045000 0.000000 1.000000
0.156250 0.045000 0.000000 1.000000
0.218750 0.045000 0.000000 1.000000
0.281250 0.045000 0.000000 1.000000
0.343750 0.045000 0.000000 1.000000
0.406250 0.045000 0.000000 1.000000
0.468750 0.045000 0.000000 1.000000
0.531250 0.045000 0.000000 1.000000
0.593750 0.045000 0.000000 1.000000
0.656250 0.045000 0.000000 1.000000
0.718750 0.045000 0.000000 1.000000
0.781250 0.045000 0.000000 1.000000
0.843750 0.045000 0.000000 1.000000
0.906250 0.045000 0.000000 1.000000
0.953125 0.045000 0.000000 1.000000
0.984375 0.045000 0.000000 1.000000
1.000000 0.045000 0.000000 1.000000
0.000000 0.090000 0.000000 1.000000
0.015625 0.090000 0.000000 1.000000
0.046875 0.090000 0.000000 1.000000
0.093750 0.090000 0.000000 1.000000
0.156250 0.090000 0.000000 1.000000
0.218750 0.090000 0.000000 1.000000
0.281250 0.090000 0.000000 1.000000
0.343750 0.090000 0.000000 1.000000
0.406250 0.090000 0.000000 1.000000
0.468750 0.090000 0.000000 1.000000
0.531250 0.090000 0.000000 1.000000
0.593750 0.090000 0.000000 1.000000
0.656250 0.090000 0.000000 1.000000
0.718750 0.090000 0.000000 1.000000
0.781250 0.090000 0.000000 1.000000
0.843750 0.090000 0.000000 1.000000
0.906250 0.090000 0.000000 1.000000
0.953125 0.090000 0.000000 1.000000
0.984375 0.090000 0.000000 1.000000
1.000000 0.090000 0.000000 1.000000
0.000000 0.150000 0.000000 1.000000
0.015625 0.150000 0.000000 1.000000
0.046875 0.150000 0.000000 1.000000
0.093750 0.150000 0.000000 1.000000
0.156250 0.150000 0.000000 1.000000
0.218750 0.150000 0.000000 1.000000
0.281250 0.150000 0.000000 1.000000
0.343750 0.150000 0.000000 1.000000
0.406250 0.150000 0.000000 1.000000
0.468750 0.150000 0.000000 1.000000
0.531250 0.150000 0.000000 1.000000
0.593750 0.150000 0.000000 1.000000
0.656250 0.150000 0.000000 1.000000
0.718750 0.150000 0.000000 1.000000
0.781250 0.150000 0.000000 1.000000
0.843750 0.150000 0.000000 1.000000
0.906250 0.150000 0.000000 1.000000
0.953125 0.150000 0.000000 1.000000
0.984375 0.150000 0.000000 1.000000
1.000000 0.150000 0.000000 1.000000
0.000000 0.210000 0.000000 1.000000
0.015625 0.210000 0.000000 1.000000
0.046875 0.210000 0.000000 1.000000
0.093750 0.210000 0.000000 1.000000
0.156250 0.210000 0.000000 1.000000
0.218750 0.210000 0.000000 1.000000
0.281250 0.210000 0.000000 1.000000
0.343750 0.210000 0.000000 1.000000
0.406250 0.210000 0.000000 1.000000
0.468750 0.210000 0.000000 1.000000
0.531250 0.210000 0.000000 1.000000
0.593750 0.210000 0.000000 1.000000
0.656250 0.210000 0.000000 1.000000
0.718750 0.210000 0.000000 1.000000
0.781250 0.210000 0.000000 1.000000
0.843750 0.210000 0.000000 1.000000
0.906250 0.210000 0.000000 1.000000
0.953125 0.210000 0.000000 1.000000
0.984375 0.210000 0.000000 1.000000
1.000000 0.210000 0.000000 1.000000
0.000000 0.270000 0.000000 1.000000
0.015625 0.270000 0.000000 1.000000
0.046875 0.270000 0.000000 1.000000
0.093750 0.270000 0.000000 1.000000
0.156250 0.270000 0.000000 1.000000
0.218750 0.270000 0.000000 1.000000
0.281250 0.270000 0.000000 1.000000
0.343750 0.270000 0.000000 1.000000
0.406250 0.270000 0.000000 1.000000
0.468750 0.270000 0.000000 1.000000
0.531250 0.270000 0.000000 1.000000
0.593750 0.270000 0.000000 1.000000
0.656250 0.270000 0.000000 1.000000
0.718750 0.270000 0.000000 1.000000
0.781250 0.270000 0.000000 1.000000
0.843750 0.270000 0.000000 1.000000
0.906250 0.270000 0.000000 1.000000
0.953125 0.270000 0.000000 1.000000
0.984375 0.270000 0.000000 1.000000
1.000000 0.270000 0.000000 1.000000
0.000000 0.330000 0.000000 1.000000
0.015625 0.330000 0.000000 1.000000
0.046875 0.330000 0.000000 1.000000
0.093750 0.330000 0.000000 1.000000
0.156250 0.330000 0.000000 1.000000
0.218750 0.330000 0.000000 1.000000
0.281250 0.330000 0.000000 1.000000
0.343750 0.330000 0.000000 1.000000
0.406250 0.330000 0.000000 1.000000
0.468750 0.330000 0.000000 1.000000
0.531250 0.330000 0.000000 1.000000
0.593750 0.330000 0.000000 1.000000
0.656250 0.330000 0.000000 1.000000
0.718750 0.330000 0.000000 1.000000
0.781250 0.330000 0.000000 1.000000
0.843750 0.330000 0.000000 1.000000
0.906250 0.330000 0.000000 1.000000
0.953125 0.330000 0.000000 1.000000
0.984375 0.330000 0.000000 1.000000
1.000000 0.330000 0.000000 1.000000
0.000000 0.390000 0.000000 1.000000
0.015625 0.390000 0.000000 1.000000
0.046875 0.390000 0.000000 1.000000
0.093750 0.390000 0.000000 1.000000
0.156250 0.390000 0.000000 1.000000
0.218750 0.390000 0.000000 1.000000
0.281250 0.390000 0.000000 1.000000
0.343750 0.390000 0.000000 1.000000
0.406250 0.390000 0.000000 1.000000
0.468750 0.390000 0.000000 1.000000
0.531250 0.390000 0.000000 1.000000
0.593750 0.390000 0.000000 1.000000
0.656250 0.390000 0.000000 1.000000
0.718750 0.390000 0.000000 1.000000
0.781250 0.390000 0.000000 1.000000
0.843750 0.390000 0.000000 1.000000
0.906250 0.390000 0.000000 1.000000
0.953125 0.390000 0.000000 1.000000
0.984375 0.390000 0.000000 1.000000
1.000000 0.390000 0.000000 1.000000
0.000000 0.450000 0.000000 1.000000
0.015625 0.450000 0.000000 1.000000
0.046875 0.450000 0.000000 1.000000
0.093750 0.450000 0.000000 1.000000
0.156250 0.450000 0.000000 1.000000
0.218750 0.450000 0.000000 1.000000
0.281250 0.450000 0.000000 1.000000
0.343750 0.450000 0.000000 1.000000
0.406250 0.450000 0.000000 1.000000
0.468750 0.450000 0.000000 1.000000
0.531250 0.450000 0.000000 1.000000
0.593750 0.450000 0.000000 1.000000
0.656250 0.450000 0.000000 1.000000
0.718750 0.450000 0.000000 1.000000
0.781250 0.450000 0.000000 1.000000
0.843750 0.450000 0.000000 1.000000
0.906250 0.450000 0.000000 1.000000
0.953125 0.450000 0.000000 1.000000
0.984375 0.450000 0.000000 1.000000
1.000000 0.450000 0.000000 1.000000
0.000000 0.510000 0.000000 1.000000
0.015625 0.510000 0.000000 1.000000
0.046875 0.510000 0.000000 1.000000
0.093750 0.510000 0.000000 1.000000
0.156250 0.510000 0.000000 1.000000
0.218750 0.510000 0.000000 1.000000
0.281250 0.510000 0.000000 1.000000
0.343750 0.510000 0.000000 1.000000
0.406250 0.510000 0.000000 1.000000
0.468750 0.510000 0.000000 1.000000
0.531250 0.510000 0.000000 1.000000
0.593750 0.510000 0.000000 1.000000
0.656250 0.510000 0.000000 1.000000
0.718750 0.510000 0.000000 1.000000
0.781250 0.510000 0.000000 1.000000
0.843750 0.510000 0.000000 1.000000
0.906250 0.510000 0.000000 1.000000
0.953125 0.510000 0.000000 1.000000
0.984375 0.510000 0.000000 1.000000
1.000000 0.510000 0.000000 1.000000
0.000000 0.555000 0.000000 1.000000
0.015625 0.555000 0.000000 1.000000
0.046875 0.555000 0.000000 1.000000
0.093750 0.555000 0.000000 1.000000
0.156250 0.555000 0.000000 1.000000
0.218750 0.555000 0.000000 1.000000
0.281250 0.555000 0.000000 1.000000
0.343750 0.555000 0.000000 1.000000
0.406250 0.555000 0.000000 1.000000
0.468750 0.555000 0.000000 1.000000
0.531250 0.555000 0.000000 1.000000
0.593750 0.555000 0.000000 1.000000
0.656250 0.555000 0.000000 1.000000
0.718750 0.555000 0.000000 1.000000
0.781250 0.555000 0.000000 1.000000
0.843750 0.555000 0.000000 1.000000
0.906250 0.555000 0.000000 1.000000
0.953125 0.555000 0.000000 1.000000
0.984375 0.555000 0.000000 1.000000
1.000000 0.555000 0.000000 1.000000
0.000000 0.585000 0.000000 1.000000
0.015625 0.585000 0.000000 1.000000
0.046875 0.585000 0.000000 1.000000
0.093750 0.585000 0.000000 1.000000
0.156250 0.585000 0.000000 1.000000
0.218750 0.585000 0.000000 1.000000
0.281250 0.585000 0.000000 1.000000
0.343750 0.585000 0.000000 1.000000
0.406250 0.585000 0.000000 1.000000
0.468750 0.585000 0.000000 1.000000
0.531250 0.585000 0.000000 1.000000
0.593750 0.585000 0.000000 1.000000
0.656250 0.585000 0.000000 1.000000
0.718750 0.585000 0.000000 1.000000
0.781250 0.585000 0.000000 1.000000
0.843750 0.585000 0.000000 1.000000
0.906250 0.585000 0.000000 1.000000
0.953125 0.585000 0.000000 1.000000
0.984375 0.585000 0.000000 1.000000
1.000000 0.585000 0.000000 1.000000
0.000000 0.600000 0.000000 1.000000
0.015625 0.600000 0.000000 1.000000
0.046875 0.600000 0.000000 1.000000
0.093750 0.600000 0.000000 1.000000
0.156250 0.600000 0.000000 1.000000
0.218750 0.600000 0.000000 1.000000
0.281250 0.600000 0.000000 1.000000
0.343750 0.600000 0.000000 1.000000
0.406250 0.600000 0.000000 1.000000
0.468750 0.600000 0.000000 1.000000
0.531250 0.600000 0.000000 1.000000
0.593750 0.600000 0.000000 1.000000
0.656250 0.600000 0.000000 1.000000
0.718750 0.600000 0.000000 1.000000
0.781250 0.600000 0.000000 1.000000
0.843750 0.600000 0.000000 1.000000
0.906250 0.600000 0.000000 1.000000
0.953125 0.600000 0.000000 1.000000
0.984375 0.600000 0.000000 1.000000
1.000000 0.600000 0.000000 1.000000
