13
0 0.00000000 0.00000000 0.00000000 0.00000000 0.25000000 0.50000000 0.75000000 1.00000000 1.00000000 1.00000000 1.00000000 1
21
0 0.00000000 0.00000000 0.00000000 0.00000000 0.08333333 0.16666667 0.25000000 0.33333333 0.41666667 0.50000000 0.58333333 0.66666667 0.75000000 0.83333333 0.91666667 1.00000000 1.00000000 1.00000000 1.00000000 1
128
0.07725000 -0.00000000 -0.16170000 1.0000
0.07724572 0.00505579 -0.16170000 1.0000
0.07636534 0.01516754 -0.16170000 1.0000
0.07239761 0.02998804 -0.16170000 1.0000
0.06216746 0.04770265 -0.16170000 1.0000
0.04770190 0.06216577 -0.16170000 1.0000
0.02998745 0.07239520 -0.16170000 1.0000
0.01022826 0.07769005 -0.16170000 1.0000
-0.01022779 0.07768760 -0.16170000 1.0000
-0.02998646 0.07239356 -0.16170000 1.0000
-0.04770322 0.06216746 -0.16170000 1.0000
-0.06216710 0.04770210 -0.16170000 1.0000
-0.07239621 0.02998755 -0.16170000 1.0000
-0.07636680 0.01516780 -0.16170000 1.0000
-0.07724608 0.00505576 -0.16170000 1.0000
-0.07725000 0.00000000 -0.16170000 1.0000
0.07725000 -0.00000000 -0.15159375 1.0000
0.07724572 0.00505579 -0.15159375 1.0000
0.07636534 0.01516754 -0.15159375 1.0000
0.07239761 0.02998804 -0.15159375 1.0000
0.06216746 0.04770265 -0.15159375 1.0000
0.04770190 0.06216577 -0.15159375 1.0000
0.02998745 0.07239520 -0.15159375 1.0000
0.01022826 0.07769005 -0.15159375 1.0000
-0.01022779 0.07768760 -0.15159375 1.0000
-0.02998646 0.07239356 -0.15159375 1.0000
-0.04770322 0.06216746 -0.15159375 1.0000
-0.06216710 0.04770210 -0.15159375 1.0000
-0.07239621 0.02998755 -0.15159375 1.0000
-0.07636680 0.01516780 -0.15159375 1.0000
-0.07724608 0.00505576 -0.15159375 1.0000
-0.07725000 0.00000000 -0.15159375 1.0000
0.07725000 -0.00000000 -0.13138125 1.0000
0.07724572 0.00505579 -0.13138125 1.0000
0.07636534 0.01516754 -0.13138125 1.0000
0.07239761 0.02998804 -0.13138125 1.0000
0.06216746 0.04770265 -0.13138125 1.0000
0.04770190 0.06216577 -0.13138125 1.0000
0.02998745 0.07239520 -0.13138125 1.0000
0.01022826 0.07769005 -0.13138125 1.0000
-0.01022779 0.07768760 -0.13138125 1.0000
-0.02998646 0.07239356 -0.13138125 1.0000
-0.04770322 0.06216746 -0.13138125 1.0000
-0.06216710 0.04770210 -0.13138125 1.0000
-0.07239621 0.02998755 -0.13138125 1.0000
-0.07636680 0.01516780 -0.13138125 1.0000
-0.07724608 0.00505576 -0.13138125 1.0000
-0.07725000 0.00000000 -0.13138125 1.0000
0.07725000 -0.00000000 -0.10106250 1.0000
0.07724572 0.00505579 -0.10106250 1.0000
0.07636534 0.01516754 -0.10106250 1.0000
0.07239761 0.02998804 -0.10106250 1.0000
0.06216746 0.04770265 -0.10106250 1.0000
0.04770190 0.06216577 -0.10106250 1.0000
0.02998745 0.07239520 -0.10106250 1.0000
0.01022826 0.07769005 -0.10106250 1.0000
-0.01022779 0.07768760 -0.10106250 1.0000
-0.02998646 0.07239356 -0.10106250 1.0000
-0.04770322 0.06216746 -0.10106250 1.0000
-0.06216710 0.04770210 -0.10106250 1.0000
-0.07239621 0.02998755 -0.10106250 1.0000
-0.07636680 0.01516780 -0.10106250 1.0000
-0.07724608 0.00505576 -0.10106250 1.0000
-0.07725000 0.00000000 -0.10106250 1.0000
0.07725000 -0.00000000 -0.06063750 1.0000
0.07724572 0.00505579 -0.06063750 1.0000
0.07636534 0.01516754 -0.06063750 1.0000
0.07239761 0.02998804 -0.06063750 1.0000
0.06216746 0.04770265 -0.06063750 1.0000
0.04770190 0.06216577 -0.06063750 1.0000
0.02998745 0.07239520 -0.06063750 1.0000
0.01022826 0.07769005 -0.06063750 1.0000
-0.01022779 0.07768760 -0.06063750 1.0000
-0.02998646 0.07239356 -0.06063750 1.0000
-0.04770322 0.06216746 -0.06063750 1.0000
-0.06216710 0.04770210 -0.06063750 1.0000
-0.07239621 0.02998755 -0.06063750 1.0000
-0.07636680 0.01516780 -0.06063750 1.0000
-0.07724608 0.00505576 -0.06063750 1.0000
-0.07725000 0.00000000 -0.06063750 1.0000
0.07725000 -0.00000000 -0.03031875 1.0000
0.07724572 0.00505579 -0.03031875 1.0000
0.07636534 0.01516754 -0.03031875 1.0000
0.07239761 0.02998804 -0.03031875 1.0000
0.06216746 0.04770265 -0.03031875 1.0000
0.04770190 0.06216577 -0.03031875 1.0000
0.02998745 0.07239520 -0.03031875 1.0000
0.01022826 0.07769005 -0.03031875 1.0000
-0.01022779 0.07768760 -0.03031875 1.0000
-0.02998646 0.07239356 -0.03031875 1.0000
-0.04770322 0.06216746 -0.03031875 1.0000
-0.06216710 0.04770210 -0.03031875 1.0000
-0.07239621 0.02998755 -0.03031875 1.0000
-0.07636680 0.01516780 -0.03031875 1.0000
-0.07724608 0.00505576 -0.03031875 1.0000
-0.07725000 0.00000000 -0.03031875 1.0000
0.07725000 -0.00000000 -0.01010625 1.0000
0.07724572 0.00505579 -0.01010625 1.0000
0.07636534 0.01516754 -0.01010625 1.0000
0.07239761 0.02998804 -0.01010625 1.0000
0.06216746 0.04770265 -0.01010625 1.0000
0.04770190 0.06216577 -0.01010625 1.0000
0.02998745 0.07239520 -0.01010625 1.0000
0.01022826 0.07769005 -0.01010625 1.0000
-0.01022779 0.07768760 -0.01010625 1.0000
-0.02998646 0.07239356 -0.01010625 1.0000
-0.04770322 0.06216746 -0.01010625 1.0000
-0.06216710 0.04770210 -0.01010625 1.0000
-0.07239621 0.02998755 -0.01010625 1.0000
-0.07636680 0.01516780 -0.01010625 1.0000
-0.07724608 0.00505576 -0.01010625 1.0000
-0.07725000 0.00000000 -0.01010625 1.0000
0.07725000 0.00000000 -0.00000000 1.0000
0.07724572 0.00505579 -0.00000000 1.0000
0.07636534 0.01516754 0.00000000 1.0000
0.07239761 0.02998804 0.00000000 1.0000
0.06216746 0.04770265 0.00000000 1.0000
0.04770190 0.06216577 0.00000000 1.0000
0.02998745 0.07239520 0.00000000 1.0000
0.01022826 0.07769005 0.00000000 1.0000
-0.01022779 0.07768760 0.00000000 1.0000
-0.02998646 0.07239356 0.00000000 1.0000
-0.04770322 0.06216746 0.00000000 1.0000
-0.06216710 0.04770210 -0.00000000 1.0000
-0.07239621 0.02998755 -0.00000000 1.0000
-0.07636680 0.01516780 -0.00000000 1.0000
-0.07724608 0.00505576 -0.00000000 1.0000
-0.07725000 0.00000000 -0.00000000 1.0000
