13
0 0.000000 0.000000 0.000000 0.000000 0.250000 0.500000 0.750000 1.000000 1.000000 1.000000 1.000000 1
13
0 0.000000 0.000000 0.000000 0.000000 0.250000 0.500000 0.750000 1.000000 1.000000 1.000000 1.000000 1
64
-1.000000 -1.000000 0.000000 1.000000
-1.000000 -0.875000 0.000000 1.000000
-1.000000 -0.625000 0.000000 1.000000
-1.000000 -0.250000 0.000000 1.000000
-1.000000 0.250000 0.000000 1.000000
-1.000000 0.625000 0.000000 1.000000
-1.000000 0.875000 0.000000 1.000000
-1.000000 1.000000 0.000000 1.000000
-1.000000 -1.000000 0.125000 1.000000
-1.000000 -0.875000 0.125000 1.000000
-1.000000 -0.625000 0.125000 1.000000
-1.000000 -0.250000 0.125000 1.000000
-1.000000 0.250000 0.125000 1.000000
-1.000000 0.625000 0.125000 1.000000
-1.000000 0.875000 0.125000 1.000000
-1.000000 1.000000 0.125000 1.000000
-1.000000 -1.000000 0.375000 1.000000
-1.000000 -0.875000 0.375000 1.000000
-1.000000 -0.625000 0.375000 1.000000
-1.000000 -0.250000 0.375000 1.000000
-1.000000 0.250000 0.375000 1.000000
-1.000000 0.625000 0.375000 1.000000
-1.000000 0.875000 0.375000 1.000000
-1.000000 1.000000 0.375000 1.000000
-1.000000 -1.000000 0.750000 1.000000
-1.000000 -0.875000 0.750000 1.000000
-1.000000 -0.625000 0.750000 1.000000
-1.000000 -0.250000 0.750000 1.000000
-1.000000 0.250000 0.750000 1.000000
-1.000000 0.625000 0.750000 1.000000
-1.000000 0.875000 0.750000 1.000000
-1.000000 1.000000 0.750000 1.000000
-1.000000 -1.000000 1.250000 1.000000
-1.000000 -0.875000 1.250000 1.000000
-1.000000 -0.625000 1.250000 1.000000
-1.000000 -0.250000 1.250000 1.000000
-1.000000 0.250000 1.250000 1.000000
-1.000000 0.625000 1.250000 1.000000
-1.000000 0.875000 1.250000 1.000000
-1.000000 1.000000 1.250000 1.000000
-1.000000 -1.000000 1.625000 1.000000
-1.000000 -0.875000 1.625000 1.000000
-1.000000 -0.625000 1.625000 1.000000
-1.000000 -0.250000 1.625000 1.000000
-1.000000 0.250000 1.625000 1.000000
-1.000000 0.625000 1.625000 1.000000
-1.000000 0.875000 1.625000 1.000000
-1.000000 1.000000 1.625000 1.000000
-1.000000 -1.000000 1.875000 1.000000
-1.000000 -0.875000 1.875000 1.000000
-1.000000 -0.625000 1.875000 1.000000
-1.000000 -0.250000 1.875000 1.000000
-1.000000 0.250000 1.875000 1.000000
-1.000000 0.625000 1.875000 1.000000
-1.000000 0.875000 1.875000 1.000000
-1.000000 1.000000 1.875000 1.000000
-1.000000 -1.000000 2.000000 1.000000
-1.000000 -0.875000 2.000000 1.000000
-1.000000 -0.625000 2.000000 1.000000
-1.000000 -0.250000 2.000000 1.000000
-1.000000 0.250000 2.000000 1.000000
-1.000000 0.625000 2.000000 1.000000
-1.000000 0.875000 2.000000 1.000000
-1.000000 1.000000 2.000000 1.000000
