17
0 0.000000 0.000000 0.000000 0.000000 0.125000 0.250000 0.375000 0.500000 0.625000 0.750000 0.875000 1.000000 1.000000 1.000000 1.000000 1
11
0 0.000000 0.000000 0.000000 0.000000 0.500000 1.000000 1.000000 1.000000 1.000000 1
72
0.500000 -1.000000 0.000000 1.000000
0.562500 -1.000000 0.000000 1.000000
0.687500 -1.000000 0.000000 1.000000
0.812500 -1.000000 0.000000 1.000000
0.937500 -1.000000 0.000000 1.000000
1.000000 -1.000000 0.000000 1.000000
0.500000 -0.937500 0.000000 1.000000
0.562500 -0.937500 0.000000 1.000000
0.687500 -0.937500 0.000000 1.000000
0.812500 -0.937500 0.000000 1.000000
0.937500 -0.937500 0.000000 1.000000
1.000000 -0.937500 0.000000 1.000000
0.500000 -0.812500 0.000000 1.000000
0.562500 -0.812500 0.000000 1.000000
0.687500 -0.812500 0.000000 1.000000
0.812500 -0.812500 0.000000 1.000000
0.937500 -0.812500 0.000000 1.000000
1.000000 -0.812500 0.000000 1.000000
0.500000 -0.625000 0.000000 1.000000
0.562500 -0.625000 0.000000 1.000000
0.687500 -0.625000 0.000000 1.000000
0.812500 -0.625000 0.000000 1.000000
0.937500 -0.625000 0.000000 1.000000
1.000000 -0.625000 0.000000 1.000000
0.500000 -0.375000 0.000000 1.000000
0.562500 -0.375000 0.000000 1.000000
0.687500 -0.375000 0.000000 1.000000
0.812500 -0.375000 0.000000 1.000000
0.937500 -0.375000 0.000000 1.000000
1.000000 -0.375000 0.000000 1.000000
0.500000 -0.125000 0.000000 1.000000
0.562500 -0.125000 0.000000 1.000000
0.687500 -0.125000 0.000000 1.000000
0.812500 -0.125000 0.000000 1.000000
0.937500 -0.125000 0.000000 1.000000
1.000000 -0.125000 0.000000 1.000000
0.500000 0.125000 0.000000 1.000000
0.562500 0.125000 0.000000 1.000000
0.687500 0.125000 0.000000 1.000000
0.812500 0.125000 0.000000 1.000000
0.937500 0.125000 0.000000 1.000000
1.000000 0.125000 0.000000 1.000000
0.500000 0.375000 0.000000 1.000000
0.562500 0.375000 0.000000 1.000000
0.687500 0.375000 0.000000 1.000000
0.812500 0.375000 0.000000 1.000000
0.937500 0.375000 0.000000 1.000000
1.000000 0.375000 0.000000 1.000000
0.500000 0.625000 0.000000 1.000000
0.562500 0.625000 0.000000 1.000000
0.687500 0.625000 0.000000 1.000000
0.812500 0.625000 0.000000 1.000000
0.937500 0.625000 0.000000 1.000000
1.000000 0.625000 0.000000 1.000000
0.500000 0.812500 0.000000 1.000000
0.562500 0.812500 0.000000 1.000000
0.687500 0.812500 0.000000 1.000000
0.812500 0.812500 0.000000 1.000000
0.937500 0.812500 0.000000 1.000000
1.000000 0.812500 0.000000 1.000000
0.500000 0.937500 0.000000 1.000000
0.562500 0.937500 0.000000 1.000000
0.687500 0.937500 0.000000 1.000000
0.812500 0.937500 0.000000 1.000000
0.937500 0.937500 0.000000 1.000000
1.000000 0.937500 0.000000 1.000000
0.500000 1.000000 0.000000 1.000000
0.562500 1.000000 0.000000 1.000000
0.687500 1.000000 0.000000 1.000000
0.812500 1.000000 0.000000 1.000000
0.937500 1.000000 0.000000 1.000000
1.000000 1.000000 0.000000 1.000000
