12
0 0.000000 0.000000 0.000000 0.000000 0.333333 0.666667 1.000000 1.000000 1.000000 1.000000 1
10
0 0.000000 0.000000 0.000000 0.000000 1.000000 1.000000 1.000000 1.000000 1
35
0.500000 -1.000000 0.000000 1.000000
0.625000 -1.000000 0.000000 1.000000
0.750000 -1.000000 0.000000 1.000000
0.875000 -1.000000 0.000000 1.000000
1.000000 -1.000000 0.000000 1.000000
0.500000 -0.833333 0.000000 1.000000
0.625000 -0.833333 0.000000 1.000000
0.750000 -0.833333 0.000000 1.000000
0.875000 -0.833333 0.000000 1.000000
1.000000 -0.833333 0.000000 1.000000
0.500000 -0.500000 0.000000 1.000000
0.625000 -0.500000 0.000000 1.000000
0.750000 -0.500000 0.000000 1.000000
0.875000 -0.500000 0.000000 1.000000
1.000000 -0.500000 0.000000 1.000000
0.500000 0.000000 0.000000 1.000000
0.625000 -0.000000 0.000000 1.000000
0.750000 0.000000 0.000000 1.000000
0.875000 -0.000000 0.000000 1.000000
1.000000 0.000000 0.000000 1.000000
0.500000 0.500000 0.000000 1.000000
0.625000 0.500000 0.000000 1.000000
0.750000 0.500000 0.000000 1.000000
0.875000 0.500000 0.000000 1.000000
1.000000 0.500000 0.000000 1.000000
0.500000 0.833333 0.000000 1.000000
0.625000 0.833333 0.000000 1.000000
0.750000 0.833333 0.000000 1.000000
0.875000 0.833333 0.000000 1.000000
1.000000 0.833333 0.000000 1.000000
0.500000 1.000000 0.000000 1.000000
0.625000 1.000000 0.000000 1.000000
0.750000 1.000000 0.000000 1.000000
0.875000 1.000000 0.000000 1.000000
1.000000 1.000000 0.000000 1.000000
