12
0 0.000000 0.000000 0.000000 0.000000 0.333333 0.666667 1.000000 1.000000 1.000000 1.000000 1
12
0 0.000000 0.000000 0.000000 0.000000 0.333333 0.666667 1.000000 1.000000 1.000000 1.000000 1
49
1.000000 -1.000000 0.000000 1.000000
0.833333 -1.000000 0.000000 1.000000
0.500000 -1.000000 0.000000 1.000000
0.000000 -1.000000 0.000000 1.000000
-0.500000 -1.000000 0.000000 1.000000
-0.833333 -1.000000 0.000000 1.000000
-1.000000 -1.000000 0.000000 1.000000
1.000000 -1.000000 0.166667 1.000000
0.833333 -1.000000 0.166667 1.000000
0.500000 -1.000000 0.166667 1.000000
0.000000 -1.000000 0.166667 1.000000
-0.500000 -1.000000 0.166667 1.000000
-0.833333 -1.000000 0.166667 1.000000
-1.000000 -1.000000 0.166667 1.000000
1.000000 -1.000000 0.500000 1.000000
0.833333 -1.000000 0.500000 1.000000
0.500000 -1.000000 0.500000 1.000000
-0.000000 -1.000000 0.500000 1.000000
-0.500000 -1.000000 0.500000 1.000000
-0.833333 -1.000000 0.500000 1.000000
-1.000000 -1.000000 0.500000 1.000000
1.000000 -1.000000 1.000000 1.000000
0.833333 -1.000000 1.000000 1.000000
0.500000 -1.000000 1.000000 1.000000
0.000000 -1.000000 1.000000 1.000000
-0.500000 -1.000000 1.000000 1.000000
-0.833333 -1.000000 1.000000 1.000000
-1.000000 -1.000000 1.000000 1.000000
1.000000 -1.000000 1.500000 1.000000
0.833333 -1.000000 1.500000 1.000000
0.500000 -1.000000 1.500000 1.000000
0.000000 -1.000000 1.500000 1.000000
-0.500000 -1.000000 1.500000 1.000000
-0.833333 -1.000000 1.500000 1.000000
-1.000000 -1.000000 1.500000 1.000000
1.000000 -1.000000 1.833333 1.000000
0.833333 -1.000000 1.833333 1.000000
0.500000 -1.000000 1.833333 1.000000
-0.000000 -1.000000 1.833333 1.000000
-0.500000 -1.000000 1.833333 1.000000
-0.833333 -1.000000 1.833333 1.000000
-1.000000 -1.000000 1.833333 1.000000
1.000000 -1.000000 2.000000 1.000000
0.833333 -1.000000 2.000000 1.000000
0.500000 -1.000000 2.000000 1.000000
0.000000 -1.000000 2.000000 1.000000
-0.500000 -1.000000 2.000000 1.000000
-0.833333 -1.000000 2.000000 1.000000
-1.000000 -1.000000 2.000000 1.000000
