14
0 0.000000 0.000000 0.000000 0.000000 0.200000 0.400000 0.600000 0.800000 1.000000 1.000000 1.000000 1.000000 1
12
0 0.000000 0.000000 0.000000 0.000000 0.333333 0.666667 1.000000 1.000000 1.000000 1.000000 1
63
0.250000 -0.433013 0.000000 1.000000
0.312500 -0.433013 0.000000 1.000000
0.437500 -0.433013 0.000000 1.000000
0.625000 -0.433013 0.000000 1.000000
0.812500 -0.433013 0.000000 1.000000
0.937500 -0.433013 0.000000 1.000000
1.000000 -0.433013 0.000000 1.000000
0.275000 -0.389711 0.000000 1.000000
0.335417 -0.389711 0.000000 1.000000
0.456250 -0.389711 0.000000 1.000000
0.637500 -0.389711 0.000000 1.000000
0.818750 -0.389711 0.000000 1.000000
0.939583 -0.389711 0.000000 1.000000
1.000000 -0.389711 0.000000 1.000000
0.325000 -0.303109 0.000000 1.000000
0.381250 -0.303109 0.000000 1.000000
0.493750 -0.303109 0.000000 1.000000
0.662500 -0.303109 0.000000 1.000000
0.831250 -0.303109 0.000000 1.000000
0.943750 -0.303109 0.000000 1.000000
1.000000 -0.303109 0.000000 1.000000
0.400000 -0.173205 0.000000 1.000000
0.450000 -0.173205 0.000000 1.000000
0.550000 -0.173205 0.000000 1.000000
0.700000 -0.173205 0.000000 1.000000
0.850000 -0.173205 0.000000 1.000000
0.950000 -0.173205 0.000000 1.000000
1.000000 -0.173205 0.000000 1.000000
0.500000 0.000000 0.000000 1.000000
0.541667 0.000000 0.000000 1.000000
0.625000 0.000000 0.000000 1.000000
0.750000 0.000000 0.000000 1.000000
0.875000 0.000000 0.000000 1.000000
0.958333 0.000000 0.000000 1.000000
1.000000 0.000000 0.000000 1.000000
0.600000 0.173205 0.000000 1.000000
0.633333 0.173205 0.000000 1.000000
0.700000 0.173205 0.000000 1.000000
0.800000 0.173205 0.000000 1.000000
0.900000 0.173205 0.000000 1.000000
0.966667 0.173205 0.000000 1.000000
1.000000 0.173205 0.000000 1.000000
0.675000 0.303109 0.000000 1.000000
0.702083 0.303109 0.000000 1.000000
0.756250 0.303109 0.000000 1.000000
0.837500 0.303109 0.000000 1.000000
0.918750 0.303109 0.000000 1.000000
0.972917 0.303109 0.000000 1.000000
1.000000 0.303109 0.000000 1.000000
0.725000 0.389711 0.000000 1.000000
0.747917 0.389711 0.000000 1.000000
0.793750 0.389711 0.000000 1.000000
0.862500 0.389711 0.000000 1.000000
0.931250 0.389711 0.000000 1.000000
0.977083 0.389711 0.000000 1.000000
1.000000 0.389711 0.000000 1.000000
0.750000 0.433013 0.000000 1.000000
0.770833 0.433013 0.000000 1.000000
0.812500 0.433013 0.000000 1.000000
0.875000 0.433013 0.000000 1.000000
0.937500 0.433013 0.000000 1.000000
0.979167 0.433013 0.000000 1.000000
1.000000 0.433013 0.000000 1.000000
