13
0 0.000000 0.000000 0.000000 0.000000 0.250000 0.500000 0.750000 1.000000 1.000000 1.000000 1.000000 1
11
0 0.000000 0.000000 0.000000 0.000000 0.500000 1.000000 1.000000 1.000000 1.000000 1
48
0.250000 -0.433013 0.000000 1.000000
0.343750 -0.433013 0.000000 1.000000
0.531250 -0.433013 0.000000 1.000000
0.718750 -0.433013 0.000000 1.000000
0.906250 -0.433013 0.000000 1.000000
1.000000 -0.433013 0.000000 1.000000
0.281250 -0.378886 0.000000 1.000000
0.371094 -0.378886 0.000000 1.000000
0.550781 -0.378886 0.000000 1.000000
0.730469 -0.378886 0.000000 1.000000
0.910156 -0.378886 0.000000 1.000000
1.000000 -0.378886 0.000000 1.000000
0.343750 -0.270633 0.000000 1.000000
0.425781 -0.270633 0.000000 1.000000
0.589844 -0.270633 0.000000 1.000000
0.753906 -0.270633 0.000000 1.000000
0.917969 -0.270633 0.000000 1.000000
1.000000 -0.270633 0.000000 1.000000
0.437500 -0.108253 0.000000 1.000000
0.507813 -0.108253 0.000000 1.000000
0.648438 -0.108253 0.000000 1.000000
0.789062 -0.108253 0.000000 1.000000
0.929688 -0.108253 0.000000 1.000000
1.000000 -0.108253 0.000000 1.000000
0.562500 0.108253 0.000000 1.000000
0.617188 0.108253 0.000000 1.000000
0.726563 0.108253 0.000000 1.000000
0.835938 0.108253 0.000000 1.000000
0.945313 0.108253 0.000000 1.000000
1.000000 0.108253 0.000000 1.000000
0.656250 0.270633 0.000000 1.000000
0.699219 0.270633 0.000000 1.000000
0.785156 0.270633 0.000000 1.000000
0.871094 0.270633 0.000000 1.000000
0.957031 0.270633 0.000000 1.000000
1.000000 0.270633 0.000000 1.000000
0.718750 0.378886 0.000000 1.000000
0.753906 0.378886 0.000000 1.000000
0.824219 0.378886 0.000000 1.000000
0.894531 0.378886 0.000000 1.000000
0.964844 0.378886 0.000000 1.000000
1.000000 0.378886 0.000000 1.000000
0.750000 0.433013 0.000000 1.000000
0.781250 0.433013 0.000000 1.000000
0.843750 0.433013 0.000000 1.000000
0.906250 0.433013 0.000000 1.000000
0.968750 0.433013 0.000000 1.000000
1.000000 0.433013 0.000000 1.000000
