14
0 0.000000 0.000000 0.000000 0.000000 0.200000 0.400000 0.600000 0.800000 1.000000 1.000000 1.000000 1.000000 1
14
0 0.000000 0.000000 0.000000 0.000000 0.200000 0.400000 0.600000 0.800000 1.000000 1.000000 1.000000 1.000000 1
81
0.000000 0.000000 0.000000 1.000000
0.050000 0.000000 0.000000 1.000000
0.150000 0.000000 0.000000 1.000000
0.300000 0.000000 0.000000 1.000000
0.500000 0.000000 0.000000 1.000000
0.700000 0.000000 0.000000 1.000000
0.850000 0.000000 0.000000 1.000000
0.950000 0.000000 0.000000 1.000000
1.000000 0.000000 0.000000 1.000000
0.015000 0.050000 0.000000 1.000000
0.063500 0.050000 0.000000 1.000000
0.160500 0.050000 0.000000 1.000000
0.306000 0.050000 0.000000 1.000000
0.500000 0.050000 0.000000 1.000000
0.694000 0.050000 0.000000 1.000000
0.839500 0.050000 0.000000 1.000000
0.936500 0.050000 0.000000 1.000000
0.985000 0.050000 0.000000 1.000000
0.045000 0.150000 0.000000 1.000000
0.090500 0.150000 0.000000 1.000000
0.181500 0.150000 0.000000 1.000000
0.318000 0.150000 0.000000 1.000000
0.500000 0.150000 0.000000 1.000000
0.682000 0.150000 0.000000 1.000000
0.818500 0.150000 0.000000 1.000000
0.909500 0.150000 0.000000 1.000000
0.955000 0.150000 0.000000 1.000000
0.090000 0.300000 0.000000 1.000000
0.131000 0.300000 0.000000 1.000000
0.213000 0.300000 0.000000 1.000000
0.336000 0.300000 0.000000 1.000000
0.500000 0.300000 0.000000 1.000000
0.664000 0.300000 0.000000 1.000000
0.787000 0.300000 0.000000 1.000000
0.869000 0.300000 0.000000 1.000000
0.910000 0.300000 0.000000 1.000000
0.150000 0.500000 0.000000 1.000000
0.185000 0.500000 0.000000 1.000000
0.255000 0.500000 0.000000 1.000000
0.360000 0.500000 0.000000 1.000000
0.500000 0.500000 0.000000 1.000000
0.640000 0.500000 0.000000 1.000000
0.745000 0.500000 0.000000 1.000000
0.815000 0.500000 0.000000 1.000000
0.850000 0.500000 0.000000 1.000000
0.210000 0.700000 0.000000 1.000000
0.239000 0.700000 0.000000 1.000000
0.297000 0.700000 0.000000 1.000000
0.384000 0.700000 0.000000 1.000000
0.500000 0.700000 0.000000 1.000000
0.616000 0.700000 0.000000 1.000000
0.703000 0.700000 0.000000 1.000000
0.761000 0.700000 0.000000 1.000000
0.790000 0.700000 0.000000 1.000000
0.255000 0.850000 0.000000 1.000000
0.279500 0.850000 0.000000 1.000000
0.328500 0.850000 0.000000 1.000000
0.402000 0.850000 0.000000 1.000000
0.500000 0.850000 0.000000 1.000000
0.598000 0.850000 0.000000 1.000000
0.671500 0.850000 0.000000 1.000000
0.720500 0.850000 0.000000 1.000000
0.745000 0.850000 0.000000 1.000000
0.285000 0.950000 0.000000 1.000000
0.306500 0.950000 0.000000 1.000000
0.349500 0.950000 0.000000 1.000000
0.414000 0.950000 0.000000 1.000000
0.500000 0.950000 0.000000 1.000000
0.586000 0.950000 0.000000 1.000000
0.650500 0.950000 0.000000 1.000000
0.693500 0.950000 0.000000 1.000000
0.715000 0.950000 0.000000 1.000000
0.300000 1.000000 0.000000 1.000000
0.320000 1.000000 0.000000 1.000000
0.360000 1.000000 0.000000 1.000000
0.420000 1.000000 0.000000 1.000000
0.500000 1.000000 0.000000 1.000000
0.580000 1.000000 0.000000 1.000000
0.640000 1.000000 0.000000 1.000000
0.680000 1.000000 0.000000 1.000000
0.700000 1.000000 0.000000 1.000000
