14
0 0.000000 0.000000 0.000000 0.000000 0.200000 0.400000 0.600000 0.800000 1.000000 1.000000 1.000000 1.000000 1
17
0 0.000000 0.000000 0.000000 0.000000 0.125000 0.250000 0.375000 0.500000 0.625000 0.750000 0.875000 1.000000 1.000000 1.000000 1.000000 1
108
0.000000 0.000000 0.000000 1.000000
0.031250 0.000000 0.000000 1.000000
0.093750 0.000000 0.000000 1.000000
0.187500 0.000000 0.000000 1.000000
0.312500 0.000000 0.000000 1.000000
0.437500 0.000000 0.000000 1.000000
0.562500 0.000000 0.000000 1.000000
0.687500 0.000000 0.000000 1.000000
0.812500 0.000000 0.000000 1.000000
0.906250 0.000000 0.000000 1.000000
0.968750 0.000000 0.000000 1.000000
1.000000 0.000000 0.000000 1.000000
0.000000 0.030000 0.000000 1.000000
0.031250 0.030000 0.000000 1.000000
0.093750 0.030000 0.000000 1.000000
0.187500 0.030000 0.000000 1.000000
0.312500 0.030000 0.000000 1.000000
0.437500 0.030000 0.000000 1.000000
0.562500 0.030000 0.000000 1.000000
0.687500 0.030000 0.000000 1.000000
0.812500 0.030000 0.000000 1.000000
0.906250 0.030000 0.000000 1.000000
0.968750 0.030000 0.000000 1.000000
1.000000 0.030000 0.000000 1.000000
0.000000 0.090000 0.000000 1.000000
0.031250 0.090000 0.000000 1.000000
0.093750 0.090000 0.000000 1.000000
0.187500 0.090000 0.000000 1.000000
0.312500 0.090000 0.000000 1.000000
0.437500 0.090000 0.000000 1.000000
0.562500 0.090000 0.000000 1.000000
0.687500 0.090000 0.000000 1.000000
0.812500 0.090000 0.000000 1.000000
0.906250 0.090000 0.000000 1.000000
0.968750 0.090000 0.000000 1.000000
1.000000 0.090000 0.000000 1.000000
0.000000 0.180000 0.000000 1.000000
0.031250 0.180000 0.000000 1.000000
0.093750 0.180000 0.000000 1.000000
0.187500 0.180000 0.000000 1.000000
0.312500 0.180000 0.000000 1.000000
0.437500 0.180000 0.000000 1.000000
0.562500 0.180000 0.000000 1.000000
0.687500 0.180000 0.000000 1.000000
0.812500 0.180000 0.000000 1.000000
0.906250 0.180000 0.000000 1.000000
0.968750 0.180000 0.000000 1.000000
1.000000 0.180000 0.000000 1.000000
0.000000 0.300000 0.000000 1.000000
0.031250 0.300000 0.000000 1.000000
0.093750 0.300000 0.000000 1.000000
0.187500 0.300000 0.000000 1.000000
0.312500 0.300000 0.000000 1.000000
0.437500 0.300000 0.000000 1.000000
0.562500 0.300000 0.000000 1.000000
0.687500 0.300000 0.000000 1.000000
0.812500 0.300000 0.000000 1.000000
0.906250 0.300000 0.000000 1.000000
0.968750 0.300000 0.000000 1.000000
1.000000 0.300000 0.000000 1.000000
0.000000 0.420000 0.000000 1.000000
0.031250 0.420000 0.000000 1.000000
0.093750 0.420000 0.000000 1.000000
0.187500 0.420000 0.000000 1.000000
0.312500 0.420000 0.000000 1.000000
0.437500 0.420000 0.000000 1.000000
0.562500 0.420000 0.000000 1.000000
0.687500 0.420000 0.000000 1.000000
0.812500 0.420000 0.000000 1.000000
0.906250 0.420000 0.000000 1.000000
0.968750 0.420000 0.000000 1.000000
1.000000 0.420000 0.000000 1.000000
0.000000 0.510000 0.000000 1.000000
0.031250 0.510000 0.000000 1.000000
0.093750 0.510000 0.000000 1.000000
0.187500 0.510000 0.000000 1.000000
0.312500 0.510000 0.000000 1.000000
0.437500 0.510000 0.000000 1.000000
0.562500 0.510000 0.000000 1.000000
0.687500 0.510000 0.000000 1.000000
0.812500 0.510000 0.000000 1.000000
0.906250 0.510000 0.000000 1.000000
0.968750 0.510000 0.000000 1.000000
1.000000 0.510000 0.000000 1.000000
0.000000 0.570000 0.000000 1.000000
0.031250 0.570000 0.000000 1.000000
0.093750 0.570000 0.000000 1.000000
0.187500 0.570000 0.000000 1.000000
0.312500 0.570000 0.000000 1.000000
0.437500 0.570000 0.000000 1.000000
0.562500 0.570000 0.000000 1.000000
0.687500 0.570000 0.000000 1.000000
0.812500 0.570000 0.000000 1.000000
0.906250 0.570000 0.000000 1.000000
0.968750 0.570000 0.000000 1.000000
1.000000 0.570000 0.000000 1.000000
0.000000 0.600000 0.000000 1.000000
0.031250 0.600000 0.000000 1.000000
0.093750 0.600000 0.000000 1.000000
0.187500 0.600000 0.000000 1.000000
0.312500 0.600000 0.000000 1.000000
0.437500 0.600000 0.000000 1.000000
0.562500 0.600000 0.000000 1.000000
0.687500 0.600000 0.000000 1.000000
0.812500 0.600000 0.000000 1.000000
0.906250 0.600000 0.000000 1.000000
0.968750 0.600000 0.000000 1.000000
1.000000 0.600000 0.000000 1.000000
