8
0 0.00000000 0.00000000 0.33333333 0.66666667 1.00000000 1.00000000 1
15
0 0.00000000 0.00000000 0.10000000 0.20000000 0.30000000 0.40000000 0.50000000 0.60000000 0.70000000 0.80000000 0.90000000 1.00000000 1.00000000 1
60
0.00000000 -0.20000000 0.00000000 1.0000
0.05000000 -0.20000000 0.00000000 1.0000
0.15000000 -0.20000000 0.00000000 1.0000
0.25000000 -0.20000000 0.00000000 1.0000
0.35000000 -0.20000000 0.00000000 1.0000
0.45000000 -0.20000000 0.00000000 1.0000
0.55000000 -0.20000000 0.00000000 1.0000
0.65000000 -0.20000000 0.00000000 1.0000
0.75000000 -0.20000000 0.00000000 1.0000
0.85000000 -0.20000000 0.00000000 1.0000
0.95000000 -0.20000000 0.00000000 1.0000
1.00000000 -0.20000000 0.00000000 1.0000
0.00000000 -0.16666667 0.00000000 1.0000
0.05000000 -0.16666667 0.00000000 1.0000
0.15000000 -0.16666667 0.00000000 1.0000
0.25000000 -0.16666667 0.00000000 1.0000
0.35000000 -0.16666667 0.00000000 1.0000
0.45000000 -0.16666667 0.00000000 1.0000
0.55000000 -0.16666667 0.00000000 1.0000
0.65000000 -0.16666667 0.00000000 1.0000
0.75000000 -0.16666667 0.00000000 1.0000
0.85000000 -0.16666667 0.00000000 1.0000
0.95000000 -0.16666667 0.00000000 1.0000
1.00000000 -0.16666667 0.00000000 1.0000
0.00000000 -0.10000000 0.00000000 1.0000
0.05000000 -0.10000000 0.00000000 1.0000
0.15000000 -0.10000000 0.00000000 1.0000
0.25000000 -0.10000000 0.00000000 1.0000
0.35000000 -0.10000000 0.00000000 1.0000
0.45000000 -0.10000000 0.00000000 1.0000
0.55000000 -0.10000000 0.00000000 1.0000
0.65000000 -0.10000000 0.00000000 1.0000
0.75000000 -0.10000000 0.00000000 1.0000
0.85000000 -0.10000000 0.00000000 1.0000
0.95000000 -0.10000000 0.00000000 1.0000
1.00000000 -0.10000000 0.00000000 1.0000
0.00000000 -0.03333333 0.00000000 1.0000
0.05000000 -0.03333333 0.00000000 1.0000
0.15000000 -0.03333333 0.00000000 1.0000
0.25000000 -0.03333333 0.00000000 1.0000
0.35000000 -0.03333333 0.00000000 1.0000
0.45000000 -0.03333333 0.00000000 1.0000
0.55000000 -0.03333333 0.00000000 1.0000
0.65000000 -0.03333333 0.00000000 1.0000
0.75000000 -0.03333333 0.00000000 1.0000
0.85000000 -0.03333333 0.00000000 1.0000
0.95000000 -0.03333333 0.00000000 1.0000
1.00000000 -0.03333333 0.00000000 1.0000
0.00000000 0.00000000 0.00000000 1.0000
0.05000000 0.00000000 0.00000000 1.0000
0.15000000 0.00000000 0.00000000 1.0000
0.25000000 0.00000000 0.00000000 1.0000
0.35000000 0.00000000 0.00000000 1.0000
0.45000000 0.00000000 0.00000000 1.0000
0.55000000 0.00000000 0.00000000 1.0000
0.65000000 0.00000000 0.00000000 1.0000
0.75000000 0.00000000 0.00000000 1.0000
0.85000000 0.00000000 0.00000000 1.0000
0.95000000 0.00000000 0.00000000 1.0000
1.00000000 0.00000000 0.00000000 1.0000
