11
0 0.00000000 0.00000000 0.00000000 0.00000000 0.50000000 1.00000000 1.00000000 1.00000000 1.00000000 1
11
0 0.00000000 0.00000000 0.00000000 0.00000000 0.50000000 1.00000000 1.00000000 1.00000000 1.00000000 1
36
0.00000000 0.00000000 0.00000000 1.0000
0.12500000 0.00000000 0.00000000 1.0000
0.37500000 0.00000000 0.00000000 1.0000
0.62500000 0.00000000 0.00000000 1.0000
0.87500000 0.00000000 0.00000000 1.0000
1.00000000 0.00000000 0.00000000 1.0000
0.00000000 0.12500000 0.00000000 1.0000
0.12500000 0.12500000 0.00000000 1.0000
0.37500000 0.12500000 0.00000000 1.0000
0.62500000 0.12500000 0.00000000 1.0000
0.87500000 0.12500000 0.00000000 1.0000
1.00000000 0.12500000 0.00000000 1.0000
0.00000000 0.37500000 0.00000000 1.0000
0.12500000 0.37500000 0.00000000 1.0000
0.37500000 0.37500000 0.00000000 1.0000
0.62500000 0.37500000 0.00000000 1.0000
0.87500000 0.37500000 0.00000000 1.0000
1.00000000 0.37500000 0.00000000 1.0000
0.00000000 0.62500000 0.00000000 1.0000
0.12500000 0.62500000 0.00000000 1.0000
0.37500000 0.62500000 0.00000000 1.0000
0.62500000 0.62500000 0.00000000 1.0000
0.87500000 0.62500000 0.00000000 1.0000
1.00000000 0.62500000 0.00000000 1.0000
0.00000000 0.87500000 0.00000000 1.0000
0.12500000 0.87500000 0.00000000 1.0000
0.37500000 0.87500000 0.00000000 1.0000
0.62500000 0.87500000 0.00000000 1.0000
0.87500000 0.87500000 0.00000000 1.0000
1.00000000 0.87500000 0.00000000 1.0000
0.00000000 1.00000000 0.00000000 1.0000
0.12500000 1.00000000 0.00000000 1.0000
0.37500000 1.00000000 0.00000000 1.0000
0.62500000 1.00000000 0.00000000 1.0000
0.87500000 1.00000000 0.00000000 1.0000
1.00000000 1.00000000 0.00000000 1.0000
