18
0 0.00000000 0.00000000 0.07692308 0.15384615 0.23076923 0.30769231 0.38461538 0.46153846 0.53846154 0.61538462 0.69230769 0.76923077 0.84615385 0.92307692 1.00000000 1.00000000 1
21
0 0.00000000 0.00000000 0.06250000 0.12500000 0.18750000 0.25000000 0.31250000 0.37500000 0.43750000 0.50000000 0.56250000 0.62500000 0.68750000 0.75000000 0.81250000 0.87500000 0.93750000 1.00000000 1.00000000 1
270
0.00000000 0.00000000 0.00000000 1.0000
0.03125000 0.00000000 0.00000000 1.0000
0.09375000 0.00000000 0.00000000 1.0000
0.15625000 0.00000000 0.00000000 1.0000
0.21875000 0.00000000 0.00000000 1.0000
0.28125000 0.00000000 0.00000000 1.0000
0.34375000 0.00000000 0.00000000 1.0000
0.40625000 0.00000000 0.00000000 1.0000
0.46875000 0.00000000 0.00000000 1.0000
0.53125000 0.00000000 0.00000000 1.0000
0.59375000 0.00000000 0.00000000 1.0000
0.65625000 0.00000000 0.00000000 1.0000
0.71875000 0.00000000 0.00000000 1.0000
0.78125000 0.00000000 0.00000000 1.0000
0.84375000 0.00000000 0.00000000 1.0000
0.90625000 0.00000000 0.00000000 1.0000
0.96875000 0.00000000 0.00000000 1.0000
1.00000000 0.00000000 0.00000000 1.0000
0.00000000 0.03076923 0.00000000 1.0000
0.03125000 0.03076923 0.00000000 1.0000
0.09375000 0.03076923 0.00000000 1.0000
0.15625000 0.03076923 0.00000000 1.0000
0.21875000 0.03076923 0.00000000 1.0000
0.28125000 0.03076923 0.00000000 1.0000
0.34375000 0.03076923 0.00000000 1.0000
0.40625000 0.03076923 0.00000000 1.0000
0.46875000 0.03076923 0.00000000 1.0000
0.53125000 0.03076923 0.00000000 1.0000
0.59375000 0.03076923 0.00000000 1.0000
0.65625000 0.03076923 0.00000000 1.0000
0.71875000 0.03076923 0.00000000 1.0000
0.78125000 0.03076923 0.00000000 1.0000
0.84375000 0.03076923 0.00000000 1.0000
0.90625000 0.03076923 0.00000000 1.0000
0.96875000 0.03076923 0.00000000 1.0000
1.00000000 0.03076923 0.00000000 1.0000
0.00000000 0.09230769 0.00000000 1.0000
0.03125000 0.09230769 0.00000000 1.0000
0.09375000 0.09230769 0.00000000 1.0000
0.15625000 0.09230769 0.00000000 1.0000
0.21875000 0.09230769 0.00000000 1.0000
0.28125000 0.09230769 0.00000000 1.0000
0.34375000 0.09230769 0.00000000 1.0000
0.40625000 0.09230769 0.00000000 1.0000
0.46875000 0.09230769 0.00000000 1.0000
0.53125000 0.09230769 0.00000000 1.0000
0.59375000 0.09230769 0.00000000 1.0000
0.65625000 0.09230769 0.00000000 1.0000
0.71875000 0.09230769 0.00000000 1.0000
0.78125000 0.09230769 0.00000000 1.0000
0.84375000 0.09230769 0.00000000 1.0000
0.90625000 0.09230769 0.00000000 1.0000
0.96875000 0.09230769 0.00000000 1.0000
1.00000000 0.09230769 0.00000000 1.0000
0.00000000 0.15384615 0.00000000 1.0000
0.03125000 0.15384615 0.00000000 1.0000
0.09375000 0.15384615 0.00000000 1.0000
0.15625000 0.15384615 0.00000000 1.0000
0.21875000 0.15384615 0.00000000 1.0000
0.28125000 0.15384615 0.00000000 1.0000
0.34375000 0.15384615 0.00000000 1.0000
0.40625000 0.15384615 0.00000000 1.0000
0.46875000 0.15384615 0.00000000 1.0000
0.53125000 0.15384615 0.00000000 1.0000
0.59375000 0.15384615 0.00000000 1.0000
0.65625000 0.15384615 0.00000000 1.0000
0.71875000 0.15384615 0.00000000 1.0000
0.78125000 0.15384615 0.00000000 1.0000
0.84375000 0.15384615 0.00000000 1.0000
0.90625000 0.15384615 0.00000000 1.0000
0.96875000 0.15384615 0.00000000 1.0000
1.00000000 0.15384615 0.00000000 1.0000
0.00000000 0.21538462 0.00000000 1.0000
0.03125000 0.21538462 0.00000000 1.0000
0.09375000 0.21538462 0.00000000 1.0000
0.15625000 0.21538462 0.00000000 1.0000
0.21875000 0.21538462 0.00000000 1.0000
0.28125000 0.21538462 0.00000000 1.0000
0.34375000 0.21538462 0.00000000 1.0000
0.40625000 0.21538462 0.00000000 1.0000
0.46875000 0.21538462 0.00000000 1.0000
0.53125000 0.21538462 0.00000000 1.0000
0.59375000 0.21538462 0.00000000 1.0000
0.65625000 0.21538462 0.00000000 1.0000
0.71875000 0.21538462 0.00000000 1.0000
0.78125000 0.21538462 0.00000000 1.0000
0.84375000 0.21538462 0.00000000 1.0000
0.90625000 0.21538462 0.00000000 1.0000
0.96875000 0.21538462 0.00000000 1.0000
1.00000000 0.21538462 0.00000000 1.0000
0.00000000 0.27692308 0.00000000 1.0000
0.03125000 0.27692308 0.00000000 1.0000
0.09375000 0.27692308 0.00000000 1.0000
0.15625000 0.27692308 0.00000000 1.0000
0.21875000 0.27692308 0.00000000 1.0000
0.28125000 0.27692308 0.00000000 1.0000
0.34375000 0.27692308 0.00000000 1.0000
0.40625000 0.27692308 0.00000000 1.0000
0.46875000 0.27692308 0.00000000 1.0000
0.53125000 0.27692308 0.00000000 1.0000
0.59375000 0.27692308 0.00000000 1.0000
0.65625000 0.27692308 0.00000000 1.0000
0.71875000 0.27692308 0.00000000 1.0000
0.78125000 0.27692308 0.00000000 1.0000
0.84375000 0.27692308 0.00000000 1.0000
0.90625000 0.27692308 0.00000000 1.0000
0.96875000 0.27692308 0.00000000 1.0000
1.00000000 0.27692308 0.00000000 1.0000
0.00000000 0.33846154 0.00000000 1.0000
0.03125000 0.33846154 0.00000000 1.0000
0.09375000 0.33846154 0.00000000 1.0000
0.15625000 0.33846154 0.00000000 1.0000
0.21875000 0.33846154 0.00000000 1.0000
0.28125000 0.33846154 0.00000000 1.0000
0.34375000 0.33846154 0.00000000 1.0000
0.40625000 0.33846154 0.00000000 1.0000
0.46875000 0.33846154 0.00000000 1.0000
0.53125000 0.33846154 0.00000000 1.0000
0.59375000 0.33846154 0.00000000 1.0000
0.65625000 0.33846154 0.00000000 1.0000
0.71875000 0.33846154 0.00000000 1.0000
0.78125000 0.33846154 0.00000000 1.0000
0.84375000 0.33846154 0.00000000 1.0000
0.90625000 0.33846154 0.00000000 1.0000
0.96875000 0.33846154 0.00000000 1.0000
1.00000000 0.33846154 0.00000000 1.0000
0.00000000 0.40000000 0.00000000 1.0000
0.03125000 0.40000000 0.00000000 1.0000
0.09375000 0.40000000 0.00000000 1.0000
0.15625000 0.40000000 0.00000000 1.0000
0.21875000 0.40000000 0.00000000 1.0000
0.28125000 0.40000000 0.00000000 1.0000
0.34375000 0.40000000 0.00000000 1.0000
0.40625000 0.40000000 0.00000000 1.0000
0.46875000 0.40000000 0.00000000 1.0000
0.53125000 0.40000000 0.00000000 1.0000
0.59375000 0.40000000 0.00000000 1.0000
0.65625000 0.40000000 0.00000000 1.0000
0.71875000 0.40000000 0.00000000 1.0000
0.78125000 0.40000000 0.00000000 1.0000
0.84375000 0.40000000 0.00000000 1.0000
0.90625000 0.40000000 0.00000000 1.0000
0.96875000 0.40000000 0.00000000 1.0000
1.00000000 0.40000000 0.00000000 1.0000
0.00000000 0.46153846 0.00000000 1.0000
0.03125000 0.46153846 0.00000000 1.0000
0.09375000 0.46153846 0.00000000 1.0000
0.15625000 0.46153846 0.00000000 1.0000
0.21875000 0.46153846 0.00000000 1.0000
0.28125000 0.46153846 0.00000000 1.0000
0.34375000 0.46153846 0.00000000 1.0000
0.40625000 0.46153846 0.00000000 1.0000
0.46875000 0.46153846 0.00000000 1.0000
0.53125000 0.46153846 0.00000000 1.0000
0.59375000 0.46153846 0.00000000 1.0000
0.65625000 0.46153846 0.00000000 1.0000
0.71875000 0.46153846 0.00000000 1.0000
0.78125000 0.46153846 0.00000000 1.0000
0.84375000 0.46153846 0.00000000 1.0000
0.90625000 0.46153846 0.00000000 1.0000
0.96875000 0.46153846 0.00000000 1.0000
1.00000000 0.46153846 0.00000000 1.0000
0.00000000 0.52307692 0.00000000 1.0000
0.03125000 0.52307692 0.00000000 1.0000
0.09375000 0.52307692 0.00000000 1.0000
0.15625000 0.52307692 0.00000000 1.0000
0.21875000 0.52307692 0.00000000 1.0000
0.28125000 0.52307692 0.00000000 1.0000
0.34375000 0.52307692 0.00000000 1.0000
0.40625000 0.52307692 0.00000000 1.0000
0.46875000 0.52307692 0.00000000 1.0000
0.53125000 0.52307692 0.00000000 1.0000
0.59375000 0.52307692 0.00000000 1.0000
0.65625000 0.52307692 0.00000000 1.0000
0.71875000 0.52307692 0.00000000 1.0000
0.78125000 0.52307692 0.00000000 1.0000
0.84375000 0.52307692 0.00000000 1.0000
0.90625000 0.52307692 0.00000000 1.0000
0.96875000 0.52307692 0.00000000 1.0000
1.00000000 0.52307692 0.00000000 1.0000
0.00000000 0.58461538 0.00000000 1.0000
0.03125000 0.58461538 0.00000000 1.0000
0.09375000 0.58461538 0.00000000 1.0000
0.15625000 0.58461538 0.00000000 1.0000
0.21875000 0.58461538 0.00000000 1.0000
0.28125000 0.58461538 0.00000000 1.0000
0.34375000 0.58461538 0.00000000 1.0000
0.40625000 0.58461538 0.00000000 1.0000
0.46875000 0.58461538 0.00000000 1.0000
0.53125000 0.58461538 0.00000000 1.0000
0.59375000 0.58461538 0.00000000 1.0000
0.65625000 0.58461538 0.00000000 1.0000
0.71875000 0.58461538 0.00000000 1.0000
0.78125000 0.58461538 0.00000000 1.0000
0.84375000 0.58461538 0.00000000 1.0000
0.90625000 0.58461538 0.00000000 1.0000
0.96875000 0.58461538 0.00000000 1.0000
1.00000000 0.58461538 0.00000000 1.0000
0.00000000 0.64615385 0.00000000 1.0000
0.03125000 0.64615385 0.00000000 1.0000
0.09375000 0.64615385 0.00000000 1.0000
0.15625000 0.64615385 0.00000000 1.0000
0.21875000 0.64615385 0.00000000 1.0000
0.28125000 0.64615385 0.00000000 1.0000
0.34375000 0.64615385 0.00000000 1.0000
0.40625000 0.64615385 0.00000000 1.0000
0.46875000 0.64615385 0.00000000 1.0000
0.53125000 0.64615385 0.00000000 1.0000
0.59375000 0.64615385 0.00000000 1.0000
0.65625000 0.64615385 0.00000000 1.0000
0.71875000 0.64615385 0.00000000 1.0000
0.78125000 0.64615385 0.00000000 1.0000
0.84375000 0.64615385 0.00000000 1.0000
0.90625000 0.64615385 0.00000000 1.0000
0.96875000 0.64615385 0.00000000 1.0000
1.00000000 0.64615385 0.00000000 1.0000
0.00000000 0.70769231 0.00000000 1.0000
0.03125000 0.70769231 0.00000000 1.0000
0.09375000 0.70769231 0.00000000 1.0000
0.15625000 0.70769231 0.00000000 1.0000
0.21875000 0.70769231 0.00000000 1.0000
0.28125000 0.70769231 0.00000000 1.0000
0.34375000 0.70769231 0.00000000 1.0000
0.40625000 0.70769231 0.00000000 1.0000
0.46875000 0.70769231 0.00000000 1.0000
0.53125000 0.70769231 0.00000000 1.0000
0.59375000 0.70769231 0.00000000 1.0000
0.65625000 0.70769231 0.00000000 1.0000
0.71875000 0.70769231 0.00000000 1.0000
0.78125000 0.70769231 0.00000000 1.0000
0.84375000 0.70769231 0.00000000 1.0000
0.90625000 0.70769231 0.00000000 1.0000
0.96875000 0.70769231 0.00000000 1.0000
1.00000000 0.70769231 0.00000000 1.0000
0.00000000 0.76923077 0.00000000 1.0000
0.03125000 0.76923077 0.00000000 1.0000
0.09375000 0.76923077 0.00000000 1.0000
0.15625000 0.76923077 0.00000000 1.0000
0.21875000 0.76923077 0.00000000 1.0000
0.28125000 0.76923077 0.00000000 1.0000
0.34375000 0.76923077 0.00000000 1.0000
0.40625000 0.76923077 0.00000000 1.0000
0.46875000 0.76923077 0.00000000 1.0000
0.53125000 0.76923077 0.00000000 1.0000
0.59375000 0.76923077 0.00000000 1.0000
0.65625000 0.76923077 0.00000000 1.0000
0.71875000 0.76923077 0.00000000 1.0000
0.78125000 0.76923077 0.00000000 1.0000
0.84375000 0.76923077 0.00000000 1.0000
0.90625000 0.76923077 0.00000000 1.0000
0.96875000 0.76923077 0.00000000 1.0000
1.00000000 0.76923077 0.00000000 1.0000
0.00000000 0.80000000 0.00000000 1.0000
0.03125000 0.80000000 0.00000000 1.0000
0.09375000 0.80000000 0.00000000 1.0000
0.15625000 0.80000000 0.00000000 1.0000
0.21875000 0.80000000 0.00000000 1.0000
0.28125000 0.80000000 0.00000000 1.0000
0.34375000 0.80000000 0.00000000 1.0000
0.40625000 0.80000000 0.00000000 1.0000
0.46875000 0.80000000 0.00000000 1.0000
0.53125000 0.80000000 0.00000000 1.0000
0.59375000 0.80000000 0.00000000 1.0000
0.65625000 0.80000000 0.00000000 1.0000
0.71875000 0.80000000 0.00000000 1.0000
0.78125000 0.80000000 0.00000000 1.0000
0.84375000 0.80000000 0.00000000 1.0000
0.90625000 0.80000000 0.00000000 1.0000
0.96875000 0.80000000 0.00000000 1.0000
1.00000000 0.80000000 0.00000000 1.0000
