13
0 0.00000000 0.00000000 0.00000000 0.00000000 0.25000000 0.50000000 0.75000000 1.00000000 1.00000000 1.00000000 1.00000000 1
14
0 0.00000000 0.00000000 0.00000000 0.00000000 0.20000000 0.40000000 0.60000000 0.80000000 1.00000000 1.00000000 1.00000000 1.00000000 1
72
0.00000000 0.00000000 0.00000000 1.0000
0.05000000 0.00000000 0.00000000 1.0000
0.15000000 0.00000000 0.00000000 1.0000
0.30000000 0.00000000 0.00000000 1.0000
0.50000000 0.00000000 0.00000000 1.0000
0.70000000 0.00000000 0.00000000 1.0000
0.85000000 0.00000000 0.00000000 1.0000
0.95000000 0.00000000 0.00000000 1.0000
1.00000000 0.00000000 0.00000000 1.0000
0.00000000 0.05000000 0.00000000 1.0000
0.05000000 0.05000000 0.00000000 1.0000
0.15000000 0.05000000 0.00000000 1.0000
0.30000000 0.05000000 0.00000000 1.0000
0.50000000 0.05000000 0.00000000 1.0000
0.70000000 0.05000000 0.00000000 1.0000
0.85000000 0.05000000 0.00000000 1.0000
0.95000000 0.05000000 0.00000000 1.0000
1.00000000 0.05000000 0.00000000 1.0000
0.00000000 0.15000000 0.00000000 1.0000
0.05000000 0.15000000 0.00000000 1.0000
0.15000000 0.15000000 0.00000000 1.0000
0.30000000 0.15000000 0.00000000 1.0000
0.50000000 0.15000000 0.00000000 1.0000
0.70000000 0.15000000 0.00000000 1.0000
0.85000000 0.15000000 0.00000000 1.0000
0.95000000 0.15000000 0.00000000 1.0000
1.00000000 0.15000000 0.00000000 1.0000
0.00000000 0.30000000 0.00000000 1.0000
0.05000000 0.30000000 0.00000000 1.0000
0.15000000 0.30000000 0.00000000 1.0000
0.30000000 0.30000000 0.00000000 1.0000
0.50000000 0.30000000 0.00000000 1.0000
0.70000000 0.30000000 0.00000000 1.0000
0.85000000 0.30000000 0.00000000 1.0000
0.95000000 0.30000000 0.00000000 1.0000
1.00000000 0.30000000 0.00000000 1.0000
0.00000000 0.50000000 0.00000000 1.0000
0.05000000 0.50000000 0.00000000 1.0000
0.15000000 0.50000000 0.00000000 1.0000
0.30000000 0.50000000 0.00000000 1.0000
0.50000000 0.50000000 0.00000000 1.0000
0.70000000 0.50000000 0.00000000 1.0000
0.85000000 0.50000000 0.00000000 1.0000
0.95000000 0.50000000 0.00000000 1.0000
1.00000000 0.50000000 0.00000000 1.0000
0.00000000 0.65000000 0.00000000 1.0000
0.05000000 0.65000000 0.00000000 1.0000
0.15000000 0.65000000 0.00000000 1.0000
0.30000000 0.65000000 0.00000000 1.0000
0.50000000 0.65000000 0.00000000 1.0000
0.70000000 0.65000000 0.00000000 1.0000
0.85000000 0.65000000 0.00000000 1.0000
0.95000000 0.65000000 0.00000000 1.0000
1.00000000 0.65000000 0.00000000 1.0000
0.00000000 0.75000000 0.00000000 1.0000
0.05000000 0.75000000 0.00000000 1.0000
0.15000000 0.75000000 0.00000000 1.0000
0.30000000 0.75000000 0.00000000 1.0000
0.50000000 0.75000000 0.00000000 1.0000
0.70000000 0.75000000 0.00000000 1.0000
0.85000000 0.75000000 0.00000000 1.0000
0.95000000 0.75000000 0.00000000 1.0000
1.00000000 0.75000000 0.00000000 1.0000
0.00000000 0.80000000 0.00000000 1.0000
0.05000000 0.80000000 0.00000000 1.0000
0.15000000 0.80000000 0.00000000 1.0000
0.30000000 0.80000000 0.00000000 1.0000
0.50000000 0.80000000 0.00000000 1.0000
0.70000000 0.80000000 0.00000000 1.0000
0.85000000 0.80000000 0.00000000 1.0000
0.95000000 0.80000000 0.00000000 1.0000
1.00000000 0.80000000 0.00000000 1.0000
