8
0 0.00000000 0.00000000 0.33333333 0.66666667 1.00000000 1.00000000 1
21
0 0.00000000 0.00000000 0.06250000 0.12500000 0.18750000 0.25000000 0.31250000 0.37500000 0.43750000 0.50000000 0.56250000 0.62500000 0.68750000 0.75000000 0.81250000 0.87500000 0.93750000 1.00000000 1.00000000 1
90
0.00000000 -0.20000000 0.00000000 1.0000
0.03125000 -0.20000000 0.00000000 1.0000
0.09375000 -0.20000000 0.00000000 1.0000
0.15625000 -0.20000000 0.00000000 1.0000
0.21875000 -0.20000000 0.00000000 1.0000
0.28125000 -0.20000000 0.00000000 1.0000
0.34375000 -0.20000000 0.00000000 1.0000
0.40625000 -0.20000000 0.00000000 1.0000
0.46875000 -0.20000000 0.00000000 1.0000
0.53125000 -0.20000000 0.00000000 1.0000
0.59375000 -0.20000000 0.00000000 1.0000
0.65625000 -0.20000000 0.00000000 1.0000
0.71875000 -0.20000000 0.00000000 1.0000
0.78125000 -0.20000000 0.00000000 1.0000
0.84375000 -0.20000000 0.00000000 1.0000
0.90625000 -0.20000000 0.00000000 1.0000
0.96875000 -0.20000000 0.00000000 1.0000
1.00000000 -0.20000000 0.00000000 1.0000
0.00000000 -0.16666667 0.00000000 1.0000
0.03125000 -0.16666667 0.00000000 1.0000
0.09375000 -0.16666667 0.00000000 1.0000
0.15625000 -0.16666667 0.00000000 1.0000
0.21875000 -0.16666667 0.00000000 1.0000
0.28125000 -0.16666667 0.00000000 1.0000
0.34375000 -0.16666667 0.00000000 1.0000
0.40625000 -0.16666667 0.00000000 1.0000
0.46875000 -0.16666667 0.00000000 1.0000
0.53125000 -0.16666667 0.00000000 1.0000
0.59375000 -0.16666667 0.00000000 1.0000
0.65625000 -0.16666667 0.00000000 1.0000
0.71875000 -0.16666667 0.00000000 1.0000
0.78125000 -0.16666667 0.00000000 1.0000
0.84375000 -0.16666667 0.00000000 1.0000
0.90625000 -0.16666667 0.00000000 1.0000
0.96875000 -0.16666667 0.00000000 1.0000
1.00000000 -0.16666667 0.00000000 1.0000
0.00000000 -0.10000000 0.00000000 1.0000
0.03125000 -0.10000000 0.00000000 1.0000
0.09375000 -0.10000000 0.00000000 1.0000
0.15625000 -0.10000000 0.00000000 1.0000
0.21875000 -0.10000000 0.00000000 1.0000
0.28125000 -0.10000000 0.00000000 1.0000
0.34375000 -0.10000000 0.00000000 1.0000
0.40625000 -0.10000000 0.00000000 1.0000
0.46875000 -0.10000000 0.00000000 1.0000
0.53125000 -0.10000000 0.00000000 1.0000
0.59375000 -0.10000000 0.00000000 1.0000
0.65625000 -0.10000000 0.00000000 1.0000
0.71875000 -0.10000000 0.00000000 1.0000
0.78125000 -0.10000000 0.00000000 1.0000
0.84375000 -0.10000000 0.00000000 1.0000
0.90625000 -0.10000000 0.00000000 1.0000
0.96875000 -0.10000000 0.00000000 1.0000
1.00000000 -0.10000000 0.00000000 1.0000
0.00000000 -0.03333333 0.00000000 1.0000
0.03125000 -0.03333333 0.00000000 1.0000
0.09375000 -0.03333333 0.00000000 1.0000
0.15625000 -0.03333333 0.00000000 1.0000
0.21875000 -0.03333333 0.00000000 1.0000
0.28125000 -0.03333333 0.00000000 1.0000
0.34375000 -0.03333333 0.00000000 1.0000
0.40625000 -0.03333333 0.00000000 1.0000
0.46875000 -0.03333333 0.00000000 1.0000
0.53125000 -0.03333333 0.00000000 1.0000
0.59375000 -0.03333333 0.00000000 1.0000
0.65625000 -0.03333333 0.00000000 1.0000
0.71875000 -0.03333333 0.00000000 1.0000
0.78125000 -0.03333333 0.00000000 1.0000
0.84375000 -0.03333333 0.00000000 1.0000
0.90625000 -0.03333333 0.00000000 1.0000
0.96875000 -0.03333333 0.00000000 1.0000
1.00000000 -0.03333333 0.00000000 1.0000
0.00000000 0.00000000 0.00000000 1.0000
0.03125000 0.00000000 0.00000000 1.0000
0.09375000 0.00000000 0.00000000 1.0000
0.15625000 0.00000000 0.00000000 1.0000
0.21875000 0.00000000 0.00000000 1.0000
0.28125000 0.00000000 0.00000000 1.0000
0.34375000 0.00000000 0.00000000 1.0000
0.40625000 0.00000000 0.00000000 1.0000
0.46875000 0.00000000 0.00000000 1.0000
0.53125000 0.00000000 0.00000000 1.0000
0.59375000 0.00000000 0.00000000 1.0000
0.65625000 0.00000000 0.00000000 1.0000
0.71875000 0.00000000 0.00000000 1.0000
0.78125000 0.00000000 0.00000000 1.0000
0.84375000 0.00000000 0.00000000 1.0000
0.90625000 0.00000000 0.00000000 1.0000
0.96875000 0.00000000 0.00000000 1.0000
1.00000000 0.00000000 0.00000000 1.0000
