11
0 0.00000000 0.00000000 0.00000000 0.00000000 0.50000000 1.00000000 1.00000000 1.00000000 1.00000000 1
18
0 0.00000000 0.00000000 0.00000000 0.00000000 0.11111111 0.22222222 0.33333333 0.44444444 0.55555556 0.66666667 0.77777778 0.88888889 1.00000000 1.00000000 1.00000000 1.00000000 1
78
0.00000000 -0.20000000 0.00000000 1.0000
0.02777778 -0.20000000 0.00000000 1.0000
0.08333333 -0.20000000 0.00000000 1.0000
0.16666667 -0.20000000 0.00000000 1.0000
0.27777778 -0.20000000 0.00000000 1.0000
0.38888889 -0.20000000 0.00000000 1.0000
0.50000000 -0.20000000 0.00000000 1.0000
0.61111111 -0.20000000 0.00000000 1.0000
0.72222222 -0.20000000 0.00000000 1.0000
0.83333333 -0.20000000 0.00000000 1.0000
0.91666667 -0.20000000 0.00000000 1.0000
0.97222222 -0.20000000 0.00000000 1.0000
1.00000000 -0.20000000 0.00000000 1.0000
0.00000000 -0.17500000 0.00000000 1.0000
0.02777778 -0.17500000 0.00000000 1.0000
0.08333333 -0.17500000 0.00000000 1.0000
0.16666667 -0.17500000 0.00000000 1.0000
0.27777778 -0.17500000 0.00000000 1.0000
0.38888889 -0.17500000 0.00000000 1.0000
0.50000000 -0.17500000 0.00000000 1.0000
0.61111111 -0.17500000 0.00000000 1.0000
0.72222222 -0.17500000 0.00000000 1.0000
0.83333333 -0.17500000 0.00000000 1.0000
0.91666667 -0.17500000 0.00000000 1.0000
0.97222222 -0.17500000 0.00000000 1.0000
1.00000000 -0.17500000 0.00000000 1.0000
0.00000000 -0.12500000 0.00000000 1.0000
0.02777778 -0.12500000 0.00000000 1.0000
0.08333333 -0.12500000 0.00000000 1.0000
0.16666667 -0.12500000 0.00000000 1.0000
0.27777778 -0.12500000 0.00000000 1.0000
0.38888889 -0.12500000 0.00000000 1.0000
0.50000000 -0.12500000 0.00000000 1.0000
0.61111111 -0.12500000 0.00000000 1.0000
0.72222222 -0.12500000 0.00000000 1.0000
0.83333333 -0.12500000 0.00000000 1.0000
0.91666667 -0.12500000 0.00000000 1.0000
0.97222222 -0.12500000 0.00000000 1.0000
1.00000000 -0.12500000 0.00000000 1.0000
0.00000000 -0.07500000 0.00000000 1.0000
0.02777778 -0.07500000 0.00000000 1.0000
0.08333333 -0.07500000 0.00000000 1.0000
0.16666667 -0.07500000 0.00000000 1.0000
0.27777778 -0.07500000 0.00000000 1.0000
0.38888889 -0.07500000 0.00000000 1.0000
0.50000000 -0.07500000 0.00000000 1.0000
0.61111111 -0.07500000 0.00000000 1.0000
0.72222222 -0.07500000 0.00000000 1.0000
0.83333333 -0.07500000 0.00000000 1.0000
0.91666667 -0.07500000 0.00000000 1.0000
0.97222222 -0.07500000 0.00000000 1.0000
1.00000000 -0.07500000 0.00000000 1.0000
0.00000000 -0.02500000 0.00000000 1.0000
0.02777778 -0.02500000 0.00000000 1.0000
0.08333333 -0.02500000 0.00000000 1.0000
0.16666667 -0.02500000 0.00000000 1.0000
0.27777778 -0.02500000 0.00000000 1.0000
0.38888889 -0.02500000 0.00000000 1.0000
0.50000000 -0.02500000 0.00000000 1.0000
0.61111111 -0.02500000 0.00000000 1.0000
0.72222222 -0.02500000 0.00000000 1.0000
0.83333333 -0.02500000 0.00000000 1.0000
0.91666667 -0.02500000 0.00000000 1.0000
0.97222222 -0.02500000 0.00000000 1.0000
1.00000000 -0.02500000 0.00000000 1.0000
0.00000000 0.00000000 0.00000000 1.0000
0.02777778 0.00000000 0.00000000 1.0000
0.08333333 0.00000000 0.00000000 1.0000
0.16666667 0.00000000 0.00000000 1.0000
0.27777778 0.00000000 0.00000000 1.0000
0.38888889 0.00000000 0.00000000 1.0000
0.50000000 0.00000000 0.00000000 1.0000
0.61111111 0.00000000 0.00000000 1.0000
0.72222222 0.00000000 0.00000000 1.0000
0.83333333 0.00000000 0.00000000 1.0000
0.91666667 0.00000000 0.00000000 1.0000
0.97222222 0.00000000 0.00000000 1.0000
1.00000000 0.00000000 0.00000000 1.0000
