16
0 0.00000000 0.00000000 0.09090909 0.18181818 0.27272727 0.36363636 0.45454545 0.54545455 0.63636364 0.72727273 0.81818182 0.90909091 1.00000000 1.00000000 1
15
0 0.00000000 0.00000000 0.10000000 0.20000000 0.30000000 0.40000000 0.50000000 0.60000000 0.70000000 0.80000000 0.90000000 1.00000000 1.00000000 1
156
0.00000000 -1.00000000 0.00000000 1.0000
0.05000000 -1.00000000 0.00000000 1.0000
0.15000000 -1.00000000 0.00000000 1.0000
0.25000000 -1.00000000 0.00000000 1.0000
0.35000000 -1.00000000 0.00000000 1.0000
0.45000000 -1.00000000 0.00000000 1.0000
0.55000000 -1.00000000 0.00000000 1.0000
0.65000000 -1.00000000 0.00000000 1.0000
0.75000000 -1.00000000 0.00000000 1.0000
0.85000000 -1.00000000 0.00000000 1.0000
0.95000000 -1.00000000 0.00000000 1.0000
1.00000000 -1.00000000 0.00000000 1.0000
0.00000000 -0.95454545 0.00000000 1.0000
0.05000000 -0.95454545 0.00000000 1.0000
0.15000000 -0.95454545 0.00000000 1.0000
0.25000000 -0.95454545 0.00000000 1.0000
0.35000000 -0.95454545 0.00000000 1.0000
0.45000000 -0.95454545 0.00000000 1.0000
0.55000000 -0.95454545 0.00000000 1.0000
0.65000000 -0.95454545 0.00000000 1.0000
0.75000000 -0.95454545 0.00000000 1.0000
0.85000000 -0.95454545 0.00000000 1.0000
0.95000000 -0.95454545 0.00000000 1.0000
1.00000000 -0.95454545 0.00000000 1.0000
0.00000000 -0.86363636 0.00000000 1.0000
0.05000000 -0.86363636 0.00000000 1.0000
0.15000000 -0.86363636 0.00000000 1.0000
0.25000000 -0.86363636 0.00000000 1.0000
0.35000000 -0.86363636 0.00000000 1.0000
0.45000000 -0.86363636 0.00000000 1.0000
0.55000000 -0.86363636 0.00000000 1.0000
0.65000000 -0.86363636 0.00000000 1.0000
0.75000000 -0.86363636 0.00000000 1.0000
0.85000000 -0.86363636 0.00000000 1.0000
0.95000000 -0.86363636 0.00000000 1.0000
1.00000000 -0.86363636 0.00000000 1.0000
0.00000000 -0.77272727 0.00000000 1.0000
0.05000000 -0.77272727 0.00000000 1.0000
0.15000000 -0.77272727 0.00000000 1.0000
0.25000000 -0.77272727 0.00000000 1.0000
0.35000000 -0.77272727 0.00000000 1.0000
0.45000000 -0.77272727 0.00000000 1.0000
0.55000000 -0.77272727 0.00000000 1.0000
0.65000000 -0.77272727 0.00000000 1.0000
0.75000000 -0.77272727 0.00000000 1.0000
0.85000000 -0.77272727 0.00000000 1.0000
0.95000000 -0.77272727 0.00000000 1.0000
1.00000000 -0.77272727 0.00000000 1.0000
0.00000000 -0.68181818 0.00000000 1.0000
0.05000000 -0.68181818 0.00000000 1.0000
0.15000000 -0.68181818 0.00000000 1.0000
0.25000000 -0.68181818 0.00000000 1.0000
0.35000000 -0.68181818 0.00000000 1.0000
0.45000000 -0.68181818 0.00000000 1.0000
0.55000000 -0.68181818 0.00000000 1.0000
0.65000000 -0.68181818 0.00000000 1.0000
0.75000000 -0.68181818 0.00000000 1.0000
0.85000000 -0.68181818 0.00000000 1.0000
0.95000000 -0.68181818 0.00000000 1.0000
1.00000000 -0.68181818 0.00000000 1.0000
0.00000000 -0.59090909 0.00000000 1.0000
0.05000000 -0.59090909 0.00000000 1.0000
0.15000000 -0.59090909 0.00000000 1.0000
0.25000000 -0.59090909 0.00000000 1.0000
0.35000000 -0.59090909 0.00000000 1.0000
0.45000000 -0.59090909 0.00000000 1.0000
0.55000000 -0.59090909 0.00000000 1.0000
0.65000000 -0.59090909 0.00000000 1.0000
0.75000000 -0.59090909 0.00000000 1.0000
0.85000000 -0.59090909 0.00000000 1.0000
0.95000000 -0.59090909 0.00000000 1.0000
1.00000000 -0.59090909 0.00000000 1.0000
0.00000000 -0.50000000 0.00000000 1.0000
0.05000000 -0.50000000 0.00000000 1.0000
0.15000000 -0.50000000 0.00000000 1.0000
0.25000000 -0.50000000 0.00000000 1.0000
0.35000000 -0.50000000 0.00000000 1.0000
0.45000000 -0.50000000 0.00000000 1.0000
0.55000000 -0.50000000 0.00000000 1.0000
0.65000000 -0.50000000 0.00000000 1.0000
0.75000000 -0.50000000 0.00000000 1.0000
0.85000000 -0.50000000 0.00000000 1.0000
0.95000000 -0.50000000 0.00000000 1.0000
1.00000000 -0.50000000 0.00000000 1.0000
0.00000000 -0.40909091 0.00000000 1.0000
0.05000000 -0.40909091 0.00000000 1.0000
0.15000000 -0.40909091 0.00000000 1.0000
0.25000000 -0.40909091 0.00000000 1.0000
0.35000000 -0.40909091 0.00000000 1.0000
0.45000000 -0.40909091 0.00000000 1.0000
0.55000000 -0.40909091 0.00000000 1.0000
0.65000000 -0.40909091 0.00000000 1.0000
0.75000000 -0.40909091 0.00000000 1.0000
0.85000000 -0.40909091 0.00000000 1.0000
0.95000000 -0.40909091 0.00000000 1.0000
1.00000000 -0.40909091 0.00000000 1.0000
0.00000000 -0.31818182 0.00000000 1.0000
0.05000000 -0.31818182 0.00000000 1.0000
0.15000000 -0.31818182 0.00000000 1.0000
0.25000000 -0.31818182 0.00000000 1.0000
0.35000000 -0.31818182 0.00000000 1.0000
0.45000000 -0.31818182 0.00000000 1.0000
0.55000000 -0.31818182 0.00000000 1.0000
0.65000000 -0.31818182 0.00000000 1.0000
0.75000000 -0.31818182 0.00000000 1.0000
0.85000000 -0.31818182 0.00000000 1.0000
0.95000000 -0.31818182 0.00000000 1.0000
1.00000000 -0.31818182 0.00000000 1.0000
0.00000000 -0.22727273 0.00000000 1.0000
0.05000000 -0.22727273 0.00000000 1.0000
0.15000000 -0.22727273 0.00000000 1.0000
0.25000000 -0.22727273 0.00000000 1.0000
0.35000000 -0.22727273 0.00000000 1.0000
0.45000000 -0.22727273 0.00000000 1.0000
0.55000000 -0.22727273 0.00000000 1.0000
0.65000000 -0.22727273 0.00000000 1.0000
0.75000000 -0.22727273 0.00000000 1.0000
0.85000000 -0.22727273 0.00000000 1.0000
0.95000000 -0.22727273 0.00000000 1.0000
1.00000000 -0.22727273 0.00000000 1.0000
0.00000000 -0.13636364 0.00000000 1.0000
0.05000000 -0.13636364 0.00000000 1.0000
0.15000000 -0.13636364 0.00000000 1.0000
0.25000000 -0.13636364 0.00000000 1.0000
0.35000000 -0.13636364 0.00000000 1.0000
0.45000000 -0.13636364 0.00000000 1.0000
0.55000000 -0.13636364 0.00000000 1.0000
0.65000000 -0.13636364 0.00000000 1.0000
0.75000000 -0.13636364 0.00000000 1.0000
0.85000000 -0.13636364 0.00000000 1.0000
0.95000000 -0.13636364 0.00000000 1.0000
1.00000000 -0.13636364 0.00000000 1.0000
0.00000000 -0.04545455 0.00000000 1.0000
0.05000000 -0.04545455 0.00000000 1.0000
0.15000000 -0.04545455 0.00000000 1.0000
0.25000000 -0.04545455 0.00000000 1.0000
0.35000000 -0.04545455 0.00000000 1.0000
0.45000000 -0.04545455 0.00000000 1.0000
0.55000000 -0.04545455 0.00000000 1.0000
0.65000000 -0.04545455 0.00000000 1.0000
0.75000000 -0.04545455 0.00000000 1.0000
0.85000000 -0.04545455 0.00000000 1.0000
0.95000000 -0.04545455 0.00000000 1.0000
1.00000000 -0.04545455 0.00000000 1.0000
0.00000000 0.00000000 0.00000000 1.0000
0.05000000 0.00000000 0.00000000 1.0000
0.15000000 0.00000000 0.00000000 1.0000
0.25000000 0.00000000 0.00000000 1.0000
0.35000000 0.00000000 0.00000000 1.0000
0.45000000 0.00000000 0.00000000 1.0000
0.55000000 0.00000000 0.00000000 1.0000
0.65000000 0.00000000 0.00000000 1.0000
0.75000000 0.00000000 0.00000000 1.0000
0.85000000 0.00000000 0.00000000 1.0000
0.95000000 0.00000000 0.00000000 1.0000
1.00000000 0.00000000 0.00000000 1.0000
