15
0 0.000000 0.000000 0.000000 0.000000 0.166667 0.333333 0.500000 0.666667 0.833333 1.000000 1.000000 1.000000 1.000000 1
25
0 0.000000 0.000000 0.000000 0.000000 0.062500 0.125000 0.187500 0.250000 0.312500 0.375000 0.437500 0.500000 0.562500 0.625000 0.687500 0.750000 0.812500 0.875000 0.937500 1.000000 1.000000 1.000000 1.000000 1
200
0.000000 -0.400000 0.000000 1.000000
0.015625 -0.400000 0.000000 1.000000
0.046875 -0.400000 0.000000 1.000000
0.093750 -0.400000 0.000000 1.000000
0.156250 -0.400000 0.000000 1.000000
0.218750 -0.400000 0.000000 1.000000
0.281250 -0.400000 0.000000 1.000000
0.343750 -0.400000 0.000000 1.000000
0.406250 -0.400000 0.000000 1.000000
0.468750 -0.400000 0.000000 1.000000
0.531250 -0.400000 0.000000 1.000000
0.593750 -0.400000 0.000000 1.000000
0.656250 -0.400000 0.000000 1.000000
0.718750 -0.400000 0.000000 1.000000
0.781250 -0.400000 0.000000 1.000000
0.843750 -0.400000 0.000000 1.000000
0.906250 -0.400000 0.000000 1.000000
0.953125 -0.400000 0.000000 1.000000
0.984375 -0.400000 0.000000 1.000000
1.000000 -0.400000 0.000000 1.000000
0.000000 -0.383333 0.000000 1.000000
0.015625 -0.383333 0.000000 1.000000
0.046875 -0.383333 0.000000 1.000000
0.093750 -0.383333 0.000000 1.000000
0.156250 -0.383333 0.000000 1.000000
0.218750 -0.383333 0.000000 1.000000
0.281250 -0.383333 0.000000 1.000000
0.343750 -0.383333 0.000000 1.000000
0.406250 -0.383333 0.000000 1.000000
0.468750 -0.383333 0.000000 1.000000
0.531250 -0.383333 0.000000 1.000000
0.593750 -0.383333 0.000000 1.000000
0.656250 -0.383333 0.000000 1.000000
0.718750 -0.383333 0.000000 1.000000
0.781250 -0.383333 0.000000 1.000000
0.843750 -0.383333 0.000000 1.000000
0.906250 -0.383333 0.000000 1.000000
0.953125 -0.383333 0.000000 1.000000
0.984375 -0.383333 0.000000 1.000000
1.000000 -0.383333 0.000000 1.000000
0.000000 -0.350000 0.000000 1.000000
0.015625 -0.350000 0.000000 1.000000
0.046875 -0.350000 0.000000 1.000000
0.093750 -0.350000 0.000000 1.000000
0.156250 -0.350000 0.000000 1.000000
0.218750 -0.350000 0.000000 1.000000
0.281250 -0.350000 0.000000 1.000000
0.343750 -0.350000 0.000000 1.000000
0.406250 -0.350000 0.000000 1.000000
0.468750 -0.350000 0.000000 1.000000
0.531250 -0.350000 0.000000 1.000000
0.593750 -0.350000 0.000000 1.000000
0.656250 -0.350000 0.000000 1.000000
0.718750 -0.350000 0.000000 1.000000
0.781250 -0.350000 0.000000 1.000000
0.843750 -0.350000 0.000000 1.000000
0.906250 -0.350000 0.000000 1.000000
0.953125 -0.350000 0.000000 1.000000
0.984375 -0.350000 0.000000 1.000000
1.000000 -0.350000 0.000000 1.000000
0.000000 -0.300000 0.000000 1.000000
0.015625 -0.300000 0.000000 1.000000
0.046875 -0.300000 0.000000 1.000000
0.093750 -0.300000 0.000000 1.000000
0.156250 -0.300000 0.000000 1.000000
0.218750 -0.300000 0.000000 1.000000
0.281250 -0.300000 0.000000 1.000000
0.343750 -0.300000 0.000000 1.000000
0.406250 -0.300000 0.000000 1.000000
0.468750 -0.300000 0.000000 1.000000
0.531250 -0.300000 0.000000 1.000000
0.593750 -0.300000 0.000000 1.000000
0.656250 -0.300000 0.000000 1.000000
0.718750 -0.300000 0.000000 1.000000
0.781250 -0.300000 0.000000 1.000000
0.843750 -0.300000 0.000000 1.000000
0.906250 -0.300000 0.000000 1.000000
0.953125 -0.300000 0.000000 1.000000
0.984375 -0.300000 0.000000 1.000000
1.000000 -0.300000 0.000000 1.000000
0.000000 -0.233333 0.000000 1.000000
0.015625 -0.233333 0.000000 1.000000
0.046875 -0.233333 0.000000 1.000000
0.093750 -0.233333 0.000000 1.000000
0.156250 -0.233333 0.000000 1.000000
0.218750 -0.233333 0.000000 1.000000
0.281250 -0.233333 0.000000 1.000000
0.343750 -0.233333 0.000000 1.000000
0.406250 -0.233333 0.000000 1.000000
0.468750 -0.233333 0.000000 1.000000
0.531250 -0.233333 0.000000 1.000000
0.593750 -0.233333 0.000000 1.000000
0.656250 -0.233333 0.000000 1.000000
0.718750 -0.233333 0.000000 1.000000
0.781250 -0.233333 0.000000 1.000000
0.843750 -0.233333 0.000000 1.000000
0.906250 -0.233333 0.000000 1.000000
0.953125 -0.233333 0.000000 1.000000
0.984375 -0.233333 0.000000 1.000000
1.000000 -0.233333 0.000000 1.000000
0.000000 -0.166667 0.000000 1.000000
0.015625 -0.166667 0.000000 1.000000
0.046875 -0.166667 0.000000 1.000000
0.093750 -0.166667 0.000000 1.000000
0.156250 -0.166667 0.000000 1.000000
0.218750 -0.166667 0.000000 1.000000
0.281250 -0.166667 0.000000 1.000000
0.343750 -0.166667 0.000000 1.000000
0.406250 -0.166667 0.000000 1.000000
0.468750 -0.166667 0.000000 1.000000
0.531250 -0.166667 0.000000 1.000000
0.593750 -0.166667 0.000000 1.000000
0.656250 -0.166667 0.000000 1.000000
0.718750 -0.166667 0.000000 1.000000
0.781250 -0.166667 0.000000 1.000000
0.843750 -0.166667 0.000000 1.000000
0.906250 -0.166667 0.000000 1.000000
0.953125 -0.166667 0.000000 1.000000
0.984375 -0.166667 0.000000 1.000000
1.000000 -0.166667 0.000000 1.000000
0.000000 -0.100000 0.000000 1.000000
0.015625 -0.100000 0.000000 1.000000
0.046875 -0.100000 0.000000 1.000000
0.093750 -0.100000 0.000000 1.000000
0.156250 -0.100000 0.000000 1.000000
0.218750 -0.100000 0.000000 1.000000
0.281250 -0.100000 0.000000 1.000000
0.343750 -0.100000 0.000000 1.000000
0.406250 -0.100000 0.000000 1.000000
0.468750 -0.100000 0.000000 1.000000
0.531250 -0.100000 0.000000 1.000000
0.593750 -0.100000 0.000000 1.000000
0.656250 -0.100000 0.000000 1.000000
0.718750 -0.100000 0.000000 1.000000
0.781250 -0.100000 0.000000 1.000000
0.843750 -0.100000 0.000000 1.000000
0.906250 -0.100000 0.000000 1.000000
0.953125 -0.100000 0.000000 1.000000
0.984375 -0.100000 0.000000 1.000000
1.000000 -0.100000 0.000000 1.000000
0.000000 -0.050000 0.000000 1.000000
0.015625 -0.050000 0.000000 1.000000
0.046875 -0.050000 0.000000 1.000000
0.093750 -0.050000 0.000000 1.000000
0.156250 -0.050000 0.000000 1.000000
0.218750 -0.050000 0.000000 1.000000
0.281250 -0.050000 0.000000 1.000000
0.343750 -0.050000 0.000000 1.000000
0.406250 -0.050000 0.000000 1.000000
0.468750 -0.050000 0.000000 1.000000
0.531250 -0.050000 0.000000 1.000000
0.593750 -0.050000 0.000000 1.000000
0.656250 -0.050000 0.000000 1.000000
0.718750 -0.050000 0.000000 1.000000
0.781250 -0.050000 0.000000 1.000000
0.843750 -0.050000 0.000000 1.000000
0.906250 -0.050000 0.000000 1.000000
0.953125 -0.050000 0.000000 1.000000
0.984375 -0.050000 0.000000 1.000000
1.000000 -0.050000 0.000000 1.000000
0.000000 -0.016667 0.000000 1.000000
0.015625 -0.016667 0.000000 1.000000
0.046875 -0.016667 0.000000 1.000000
0.093750 -0.016667 0.000000 1.000000
0.156250 -0.016667 0.000000 1.000000
0.218750 -0.016667 0.000000 1.000000
0.281250 -0.016667 0.000000 1.000000
0.343750 -0.016667 0.000000 1.000000
0.406250 -0.016667 0.000000 1.000000
0.468750 -0.016667 0.000000 1.000000
0.531250 -0.016667 0.000000 1.000000
0.593750 -0.016667 0.000000 1.000000
0.656250 -0.016667 0.000000 1.000000
0.718750 -0.016667 0.000000 1.000000
0.781250 -0.016667 0.000000 1.000000
0.843750 -0.016667 0.000000 1.000000
0.906250 -0.016667 0.000000 1.000000
0.953125 -0.016667 0.000000 1.000000
0.984375 -0.016667 0.000000 1.000000
1.000000 -0.016667 0.000000 1.000000
0.000000 0.000000 0.000000 1.000000
0.015625 0.000000 0.000000 1.000000
0.046875 0.000000 0.000000 1.000000
0.093750 0.000000 0.000000 1.000000
0.156250 0.000000 0.000000 1.000000
0.218750 0.000000 0.000000 1.000000
0.281250 0.000000 0.000000 1.000000
0.343750 0.000000 0.000000 1.000000
0.406250 0.000000 0.000000 1.000000
0.468750 0.000000 0.000000 1.000000
0.531250 0.000000 0.000000 1.000000
0.593750 0.000000 0.000000 1.000000
0.656250 0.000000 0.000000 1.000000
0.718750 0.000000 0.000000 1.000000
0.781250 0.000000 0.000000 1.000000
0.843750 0.000000 0.000000 1.000000
0.906250 0.000000 0.000000 1.000000
0.953125 0.000000 0.000000 1.000000
0.984375 0.000000 0.000000 1.000000
1.000000 0.000000 0.000000 1.000000
