8
0 0.00000000 0.00000000 0.33333333 0.66666667 1.00000000 1.00000000 1
9
0 0.00000000 0.00000000 0.25000000 0.50000000 0.75000000 1.00000000 1.00000000 1
30
0.00000000 0.00000000 0.00000000 1.0000
0.12500000 0.00000000 0.00000000 1.0000
0.37500000 0.00000000 0.00000000 1.0000
0.62500000 0.00000000 0.00000000 1.0000
0.87500000 0.00000000 0.00000000 1.0000
1.00000000 0.00000000 0.00000000 1.0000
0.00000000 0.13333333 0.00000000 1.0000
0.12500000 0.13333333 0.00000000 1.0000
0.37500000 0.13333333 0.00000000 1.0000
0.62500000 0.13333333 0.00000000 1.0000
0.87500000 0.13333333 0.00000000 1.0000
1.00000000 0.13333333 0.00000000 1.0000
0.00000000 0.40000000 0.00000000 1.0000
0.12500000 0.40000000 0.00000000 1.0000
0.37500000 0.40000000 0.00000000 1.0000
0.62500000 0.40000000 0.00000000 1.0000
0.87500000 0.40000000 0.00000000 1.0000
1.00000000 0.40000000 0.00000000 1.0000
0.00000000 0.66666667 0.00000000 1.0000
0.12500000 0.66666667 0.00000000 1.0000
0.37500000 0.66666667 0.00000000 1.0000
0.62500000 0.66666667 0.00000000 1.0000
0.87500000 0.66666667 0.00000000 1.0000
1.00000000 0.66666667 0.00000000 1.0000
0.00000000 0.80000000 0.00000000 1.0000
0.12500000 0.80000000 0.00000000 1.0000
0.37500000 0.80000000 0.00000000 1.0000
0.62500000 0.80000000 0.00000000 1.0000
0.87500000 0.80000000 0.00000000 1.0000
1.00000000 0.80000000 0.00000000 1.0000
