14
0 0.00000000 0.00000000 0.11111111 0.22222222 0.33333333 0.44444444 0.55555556 0.66666667 0.77777778 0.88888889 1.00000000 1.00000000 1
15
0 0.00000000 0.00000000 0.10000000 0.20000000 0.30000000 0.40000000 0.50000000 0.60000000 0.70000000 0.80000000 0.90000000 1.00000000 1.00000000 1
132
0.00000000 0.00000000 0.00000000 1.0000
0.05000000 0.00000000 0.00000000 1.0000
0.15000000 0.00000000 0.00000000 1.0000
0.25000000 0.00000000 0.00000000 1.0000
0.35000000 0.00000000 0.00000000 1.0000
0.45000000 0.00000000 0.00000000 1.0000
0.55000000 0.00000000 0.00000000 1.0000
0.65000000 0.00000000 0.00000000 1.0000
0.75000000 0.00000000 0.00000000 1.0000
0.85000000 0.00000000 0.00000000 1.0000
0.95000000 0.00000000 0.00000000 1.0000
1.00000000 0.00000000 0.00000000 1.0000
0.00000000 0.04444444 0.00000000 1.0000
0.05000000 0.04444444 0.00000000 1.0000
0.15000000 0.04444444 0.00000000 1.0000
0.25000000 0.04444444 0.00000000 1.0000
0.35000000 0.04444444 0.00000000 1.0000
0.45000000 0.04444444 0.00000000 1.0000
0.55000000 0.04444444 0.00000000 1.0000
0.65000000 0.04444444 0.00000000 1.0000
0.75000000 0.04444444 0.00000000 1.0000
0.85000000 0.04444444 0.00000000 1.0000
0.95000000 0.04444444 0.00000000 1.0000
1.00000000 0.04444444 0.00000000 1.0000
0.00000000 0.13333333 0.00000000 1.0000
0.05000000 0.13333333 0.00000000 1.0000
0.15000000 0.13333333 0.00000000 1.0000
0.25000000 0.13333333 0.00000000 1.0000
0.35000000 0.13333333 0.00000000 1.0000
0.45000000 0.13333333 0.00000000 1.0000
0.55000000 0.13333333 0.00000000 1.0000
0.65000000 0.13333333 0.00000000 1.0000
0.75000000 0.13333333 0.00000000 1.0000
0.85000000 0.13333333 0.00000000 1.0000
0.95000000 0.13333333 0.00000000 1.0000
1.00000000 0.13333333 0.00000000 1.0000
0.00000000 0.22222222 0.00000000 1.0000
0.05000000 0.22222222 0.00000000 1.0000
0.15000000 0.22222222 0.00000000 1.0000
0.25000000 0.22222222 0.00000000 1.0000
0.35000000 0.22222222 0.00000000 1.0000
0.45000000 0.22222222 0.00000000 1.0000
0.55000000 0.22222222 0.00000000 1.0000
0.65000000 0.22222222 0.00000000 1.0000
0.75000000 0.22222222 0.00000000 1.0000
0.85000000 0.22222222 0.00000000 1.0000
0.95000000 0.22222222 0.00000000 1.0000
1.00000000 0.22222222 0.00000000 1.0000
0.00000000 0.31111111 0.00000000 1.0000
0.05000000 0.31111111 0.00000000 1.0000
0.15000000 0.31111111 0.00000000 1.0000
0.25000000 0.31111111 0.00000000 1.0000
0.35000000 0.31111111 0.00000000 1.0000
0.45000000 0.31111111 0.00000000 1.0000
0.55000000 0.31111111 0.00000000 1.0000
0.65000000 0.31111111 0.00000000 1.0000
0.75000000 0.31111111 0.00000000 1.0000
0.85000000 0.31111111 0.00000000 1.0000
0.95000000 0.31111111 0.00000000 1.0000
1.00000000 0.31111111 0.00000000 1.0000
0.00000000 0.40000000 0.00000000 1.0000
0.05000000 0.40000000 0.00000000 1.0000
0.15000000 0.40000000 0.00000000 1.0000
0.25000000 0.40000000 0.00000000 1.0000
0.35000000 0.40000000 0.00000000 1.0000
0.45000000 0.40000000 0.00000000 1.0000
0.55000000 0.40000000 0.00000000 1.0000
0.65000000 0.40000000 0.00000000 1.0000
0.75000000 0.40000000 0.00000000 1.0000
0.85000000 0.40000000 0.00000000 1.0000
0.95000000 0.40000000 0.00000000 1.0000
1.00000000 0.40000000 0.00000000 1.0000
0.00000000 0.48888889 0.00000000 1.0000
0.05000000 0.48888889 0.00000000 1.0000
0.15000000 0.48888889 0.00000000 1.0000
0.25000000 0.48888889 0.00000000 1.0000
0.35000000 0.48888889 0.00000000 1.0000
0.45000000 0.48888889 0.00000000 1.0000
0.55000000 0.48888889 0.00000000 1.0000
0.65000000 0.48888889 0.00000000 1.0000
0.75000000 0.48888889 0.00000000 1.0000
0.85000000 0.48888889 0.00000000 1.0000
0.95000000 0.48888889 0.00000000 1.0000
1.00000000 0.48888889 0.00000000 1.0000
0.00000000 0.57777778 0.00000000 1.0000
0.05000000 0.57777778 0.00000000 1.0000
0.15000000 0.57777778 0.00000000 1.0000
0.25000000 0.57777778 0.00000000 1.0000
0.35000000 0.57777778 0.00000000 1.0000
0.45000000 0.57777778 0.00000000 1.0000
0.55000000 0.57777778 0.00000000 1.0000
0.65000000 0.57777778 0.00000000 1.0000
0.75000000 0.57777778 0.00000000 1.0000
0.85000000 0.57777778 0.00000000 1.0000
0.95000000 0.57777778 0.00000000 1.0000
1.00000000 0.57777778 0.00000000 1.0000
0.00000000 0.66666667 0.00000000 1.0000
0.05000000 0.66666667 0.00000000 1.0000
0.15000000 0.66666667 0.00000000 1.0000
0.25000000 0.66666667 0.00000000 1.0000
0.35000000 0.66666667 0.00000000 1.0000
0.45000000 0.66666667 0.00000000 1.0000
0.55000000 0.66666667 0.00000000 1.0000
0.65000000 0.66666667 0.00000000 1.0000
0.75000000 0.66666667 0.00000000 1.0000
0.85000000 0.66666667 0.00000000 1.0000
0.95000000 0.66666667 0.00000000 1.0000
1.00000000 0.66666667 0.00000000 1.0000
0.00000000 0.75555556 0.00000000 1.0000
0.05000000 0.75555556 0.00000000 1.0000
0.15000000 0.75555556 0.00000000 1.0000
0.25000000 0.75555556 0.00000000 1.0000
0.35000000 0.75555556 0.00000000 1.0000
0.45000000 0.75555556 0.00000000 1.0000
0.55000000 0.75555556 0.00000000 1.0000
0.65000000 0.75555556 0.00000000 1.0000
0.75000000 0.75555556 0.00000000 1.0000
0.85000000 0.75555556 0.00000000 1.0000
0.95000000 0.75555556 0.00000000 1.0000
1.00000000 0.75555556 0.00000000 1.0000
0.00000000 0.80000000 0.00000000 1.0000
0.05000000 0.80000000 0.00000000 1.0000
0.15000000 0.80000000 0.00000000 1.0000
0.25000000 0.80000000 0.00000000 1.0000
0.35000000 0.80000000 0.00000000 1.0000
0.45000000 0.80000000 0.00000000 1.0000
0.55000000 0.80000000 0.00000000 1.0000
0.65000000 0.80000000 0.00000000 1.0000
0.75000000 0.80000000 0.00000000 1.0000
0.85000000 0.80000000 0.00000000 1.0000
0.95000000 0.80000000 0.00000000 1.0000
1.00000000 0.80000000 0.00000000 1.0000
