12
0 0.000000 0.000000 0.000000 0.000000 0.333333 0.666667 1.000000 1.000000 1.000000 1.000000 1
13
0 0.000000 0.000000 0.000000 0.000000 0.250000 0.500000 0.750000 1.000000 1.000000 1.000000 1.000000 1
56
0.000000 0.000000 0.000000 1.000000
0.062500 0.000000 0.000000 1.000000
0.187500 0.000000 0.000000 1.000000
0.375000 0.000000 0.000000 1.000000
0.625000 0.000000 0.000000 1.000000
0.812500 0.000000 0.000000 1.000000
0.937500 0.000000 0.000000 1.000000
1.000000 0.000000 0.000000 1.000000
0.000000 0.050000 0.000000 1.000000
0.062500 0.050000 0.000000 1.000000
0.187500 0.050000 0.000000 1.000000
0.375000 0.050000 0.000000 1.000000
0.625000 0.050000 0.000000 1.000000
0.812500 0.050000 0.000000 1.000000
0.937500 0.050000 0.000000 1.000000
1.000000 0.050000 0.000000 1.000000
0.000000 0.150000 0.000000 1.000000
0.062500 0.150000 0.000000 1.000000
0.187500 0.150000 0.000000 1.000000
0.375000 0.150000 0.000000 1.000000
0.625000 0.150000 0.000000 1.000000
0.812500 0.150000 0.000000 1.000000
0.937500 0.150000 0.000000 1.000000
1.000000 0.150000 0.000000 1.000000
0.000000 0.300000 0.000000 1.000000
0.062500 0.300000 0.000000 1.000000
0.187500 0.300000 0.000000 1.000000
0.375000 0.300000 0.000000 1.000000
0.625000 0.300000 0.000000 1.000000
0.812500 0.300000 0.000000 1.000000
0.937500 0.300000 0.000000 1.000000
1.000000 0.300000 0.000000 1.000000
0.000000 0.450000 0.000000 1.000000
0.062500 0.450000 0.000000 1.000000
0.187500 0.450000 0.000000 1.000000
0.375000 0.450000 0.000000 1.000000
0.625000 0.450000 0.000000 1.000000
0.812500 0.450000 0.000000 1.000000
0.937500 0.450000 0.000000 1.000000
1.000000 0.450000 0.000000 1.000000
0.000000 0.550000 0.000000 1.000000
0.062500 0.550000 0.000000 1.000000
0.187500 0.550000 0.000000 1.000000
0.375000 0.550000 0.000000 1.000000
0.625000 0.550000 0.000000 1.000000
0.812500 0.550000 0.000000 1.000000
0.937500 0.550000 0.000000 1.000000
1.000000 0.550000 0.000000 1.000000
0.000000 0.600000 0.000000 1.000000
0.062500 0.600000 0.000000 1.000000
0.187500 0.600000 0.000000 1.000000
0.375000 0.600000 0.000000 1.000000
0.625000 0.600000 0.000000 1.000000
0.812500 0.600000 0.000000 1.000000
0.937500 0.600000 0.000000 1.000000
1.000000 0.600000 0.000000 1.000000
