18
0 0.00000000 0.00000000 0.00000000 0.00000000 0.11111111 0.22222222 0.33333333 0.44444444 0.55555556 0.66666667 0.77777778 0.88888889 1.00000000 1.00000000 1.00000000 1.00000000 1
17
0 0.00000000 0.00000000 0.00000000 0.00000000 0.12500000 0.25000000 0.37500000 0.50000000 0.62500000 0.75000000 0.87500000 1.00000000 1.00000000 1.00000000 1.00000000 1
156
0.00000000 0.00000000 0.00000000 1.0000
0.03125000 0.00000000 0.00000000 1.0000
0.09375000 0.00000000 0.00000000 1.0000
0.18750000 0.00000000 0.00000000 1.0000
0.31250000 0.00000000 0.00000000 1.0000
0.43750000 0.00000000 0.00000000 1.0000
0.56250000 0.00000000 0.00000000 1.0000
0.68750000 0.00000000 0.00000000 1.0000
0.81250000 0.00000000 0.00000000 1.0000
0.90625000 0.00000000 0.00000000 1.0000
0.96875000 0.00000000 0.00000000 1.0000
1.00000000 0.00000000 0.00000000 1.0000
0.00000000 0.02777778 0.00000000 1.0000
0.03125000 0.02777778 0.00000000 1.0000
0.09375000 0.02777778 0.00000000 1.0000
0.18750000 0.02777778 0.00000000 1.0000
0.31250000 0.02777778 0.00000000 1.0000
0.43750000 0.02777778 0.00000000 1.0000
0.56250000 0.02777778 0.00000000 1.0000
0.68750000 0.02777778 0.00000000 1.0000
0.81250000 0.02777778 0.00000000 1.0000
0.90625000 0.02777778 0.00000000 1.0000
0.96875000 0.02777778 0.00000000 1.0000
1.00000000 0.02777778 0.00000000 1.0000
0.00000000 0.08333333 0.00000000 1.0000
0.03125000 0.08333333 0.00000000 1.0000
0.09375000 0.08333333 0.00000000 1.0000
0.18750000 0.08333333 0.00000000 1.0000
0.31250000 0.08333333 0.00000000 1.0000
0.43750000 0.08333333 0.00000000 1.0000
0.56250000 0.08333333 0.00000000 1.0000
0.68750000 0.08333333 0.00000000 1.0000
0.81250000 0.08333333 0.00000000 1.0000
0.90625000 0.08333333 0.00000000 1.0000
0.96875000 0.08333333 0.00000000 1.0000
1.00000000 0.08333333 0.00000000 1.0000
0.00000000 0.16666667 0.00000000 1.0000
0.03125000 0.16666667 0.00000000 1.0000
0.09375000 0.16666667 0.00000000 1.0000
0.18750000 0.16666667 0.00000000 1.0000
0.31250000 0.16666667 0.00000000 1.0000
0.43750000 0.16666667 0.00000000 1.0000
0.56250000 0.16666667 0.00000000 1.0000
0.68750000 0.16666667 0.00000000 1.0000
0.81250000 0.16666667 0.00000000 1.0000
0.90625000 0.16666667 0.00000000 1.0000
0.96875000 0.16666667 0.00000000 1.0000
1.00000000 0.16666667 0.00000000 1.0000
0.00000000 0.27777778 0.00000000 1.0000
0.03125000 0.27777778 0.00000000 1.0000
0.09375000 0.27777778 0.00000000 1.0000
0.18750000 0.27777778 0.00000000 1.0000
0.31250000 0.27777778 0.00000000 1.0000
0.43750000 0.27777778 0.00000000 1.0000
0.56250000 0.27777778 0.00000000 1.0000
0.68750000 0.27777778 0.00000000 1.0000
0.81250000 0.27777778 0.00000000 1.0000
0.90625000 0.27777778 0.00000000 1.0000
0.96875000 0.27777778 0.00000000 1.0000
1.00000000 0.27777778 0.00000000 1.0000
0.00000000 0.38888889 0.00000000 1.0000
0.03125000 0.38888889 0.00000000 1.0000
0.09375000 0.38888889 0.00000000 1.0000
0.18750000 0.38888889 0.00000000 1.0000
0.31250000 0.38888889 0.00000000 1.0000
0.43750000 0.38888889 0.00000000 1.0000
0.56250000 0.38888889 0.00000000 1.0000
0.68750000 0.38888889 0.00000000 1.0000
0.81250000 0.38888889 0.00000000 1.0000
0.90625000 0.38888889 0.00000000 1.0000
0.96875000 0.38888889 0.00000000 1.0000
1.00000000 0.38888889 0.00000000 1.0000
0.00000000 0.50000000 0.00000000 1.0000
0.03125000 0.50000000 0.00000000 1.0000
0.09375000 0.50000000 0.00000000 1.0000
0.18750000 0.50000000 0.00000000 1.0000
0.31250000 0.50000000 0.00000000 1.0000
0.43750000 0.50000000 0.00000000 1.0000
0.56250000 0.50000000 0.00000000 1.0000
0.68750000 0.50000000 0.00000000 1.0000
0.81250000 0.50000000 0.00000000 1.0000
0.90625000 0.50000000 0.00000000 1.0000
0.96875000 0.50000000 0.00000000 1.0000
1.00000000 0.50000000 0.00000000 1.0000
0.00000000 0.61111111 0.00000000 1.0000
0.03125000 0.61111111 0.00000000 1.0000
0.09375000 0.61111111 0.00000000 1.0000
0.18750000 0.61111111 0.00000000 1.0000
0.31250000 0.61111111 0.00000000 1.0000
0.43750000 0.61111111 0.00000000 1.0000
0.56250000 0.61111111 0.00000000 1.0000
0.68750000 0.61111111 0.00000000 1.0000
0.81250000 0.61111111 0.00000000 1.0000
0.90625000 0.61111111 0.00000000 1.0000
0.96875000 0.61111111 0.00000000 1.0000
1.00000000 0.61111111 0.00000000 1.0000
0.00000000 0.72222222 0.00000000 1.0000
0.03125000 0.72222222 0.00000000 1.0000
0.09375000 0.72222222 0.00000000 1.0000
0.18750000 0.72222222 0.00000000 1.0000
0.31250000 0.72222222 0.00000000 1.0000
0.43750000 0.72222222 0.00000000 1.0000
0.56250000 0.72222222 0.00000000 1.0000
0.68750000 0.72222222 0.00000000 1.0000
0.81250000 0.72222222 0.00000000 1.0000
0.90625000 0.72222222 0.00000000 1.0000
0.96875000 0.72222222 0.00000000 1.0000
1.00000000 0.72222222 0.00000000 1.0000
0.00000000 0.83333333 0.00000000 1.0000
0.03125000 0.83333333 0.00000000 1.0000
0.09375000 0.83333333 0.00000000 1.0000
0.18750000 0.83333333 0.00000000 1.0000
0.31250000 0.83333333 0.00000000 1.0000
0.43750000 0.83333333 0.00000000 1.0000
0.56250000 0.83333333 0.00000000 1.0000
0.68750000 0.83333333 0.00000000 1.0000
0.81250000 0.83333333 0.00000000 1.0000
0.90625000 0.83333333 0.00000000 1.0000
0.96875000 0.83333333 0.00000000 1.0000
1.00000000 0.83333333 0.00000000 1.0000
0.00000000 0.91666667 0.00000000 1.0000
0.03125000 0.91666667 0.00000000 1.0000
0.09375000 0.91666667 0.00000000 1.0000
0.18750000 0.91666667 0.00000000 1.0000
0.31250000 0.91666667 0.00000000 1.0000
0.43750000 0.91666667 0.00000000 1.0000
0.56250000 0.91666667 0.00000000 1.0000
0.68750000 0.91666667 0.00000000 1.0000
0.81250000 0.91666667 0.00000000 1.0000
0.90625000 0.91666667 0.00000000 1.0000
0.96875000 0.91666667 0.00000000 1.0000
1.00000000 0.91666667 0.00000000 1.0000
0.00000000 0.97222222 0.00000000 1.0000
0.03125000 0.97222222 0.00000000 1.0000
0.09375000 0.97222222 0.00000000 1.0000
0.18750000 0.97222222 0.00000000 1.0000
0.31250000 0.97222222 0.00000000 1.0000
0.43750000 0.97222222 0.00000000 1.0000
0.56250000 0.97222222 0.00000000 1.0000
0.68750000 0.97222222 0.00000000 1.0000
0.81250000 0.97222222 0.00000000 1.0000
0.90625000 0.97222222 0.00000000 1.0000
0.96875000 0.97222222 0.00000000 1.0000
1.00000000 0.97222222 0.00000000 1.0000
0.00000000 1.00000000 0.00000000 1.0000
0.03125000 1.00000000 0.00000000 1.0000
0.09375000 1.00000000 0.00000000 1.0000
0.18750000 1.00000000 0.00000000 1.0000
0.31250000 1.00000000 0.00000000 1.0000
0.43750000 1.00000000 0.00000000 1.0000
0.56250000 1.00000000 0.00000000 1.0000
0.68750000 1.00000000 0.00000000 1.0000
0.81250000 1.00000000 0.00000000 1.0000
0.90625000 1.00000000 0.00000000 1.0000
0.96875000 1.00000000 0.00000000 1.0000
1.00000000 1.00000000 0.00000000 1.0000
